74701
11542
51263
51261
24711
82191
82441
32301
73260
12704
12706
60351
60355
57729
82222
82221
57720
57721
57722
57723
88398
21101
57291
57292
21105
17651
17652
21106
36202
36201
36207
80595
57614
57615
57616
57617
57610
57611
57612
57613
90825
57618
57619
80201
85320
11767
95792
95791
57185
51301
57183
16811
57500
57501
57502
57503
21295
57505
57506
57507
57508
57509
48562
62401
48560
48566
57981
45844
45845
54885
48568
45849
54882
53608
27995
46842
70393
70391
54957
85507
54423
85505
85050
85501
70637
54778
54779
09050
54770
33211
54776
15712
54775
82443
57875
57878
57879
48412
48410
95771
21257
54399
21256
36401
48095
54390
21703
70484
70485
70483
54397
76390
76391
57090
76396
54177
54376
54377
79393
54375
79395
54371
33895
80695
62248
33897
90747
39350
33112
90743
90740
66184
76406
76409
79198
76887
76880
76888
51471
03201
82050
85981
90984
66500
66501
66502
90981
90982
09106
88703
06100
70643
82450
51272
82189
74950
82186
24701
60349
51299
09852
54992
82231
82989
19705
19700
19701
21112
21111
21116
21117
21115
21118
11754
06322
06323
11751
06321
80210
90811
90810
90814
11591
51101
82521
95788
95789
17655
95783
95785
21605
21602
21600
36309
90711
80100
80101
85422
17653
10620
57891
57315
42801
45877
45875
45874
45873
85601
45871
48550
17751
05589
18849
45783
54969
21732
18841
18843
18844
48310
48312
53720
53721
90945
54411
70650
70345
54987
70341
70340
48130
48132
57881
57880
57883
45996
30401
54189
33759
76365
54187
76360
18713
54343
09911
09912
80812
27542
79384
03343
54349
85241
45895
76760
45891
90828
90829
45899
54272
54747
54745
54743
54741
33996
33998
03742
54749
15451
76501
90822
76502
90823
90820
03439
24392
24391
76379
82385
54197
79703
31201
18764
27774
12792
03231
54191
27779
12791
15050
06820
47949
88950
88730
82420
24771
76773
80180
19600
57471
80310
12720
27399
57824
27390
19770
17635
21127
21125
21124
57273
21121
57271
90804
90805
90806
90807
90800
90801
90802
90803
36220
16720
90808
90809
11742
11743
33331
11747
57181
69151
51131
82888
90709
82881
57418
36720
57417
57415
36722
32101
32100
32103
60791
21630
85451
85450
12100
03755
69199
69195
69190
57306
62400
46845
57303
57300
48232
48230
57096
57094
57095
57092
21701
46682
21259
57098
57099
45792
54979
45790
45795
33050
60469
54976
54409
48300
76104
09455
54401
09105
54403
09103
54405
09101
54407
09851
54997
15849
54995
18549
18545
18540
15845
90889
57899
57896
48120
57895
57893
57890
62312
95752
95751
95750
05689
27100
18431
33451
33453
33458
53607
53606
18760
18762
18765
76373
76370
76371
80820
27555
48050
57980
54357
54351
54353
76772
45887
48564
76779
45888
45889
54750
54751
33232
54753
54757
03750
03751
30501
45848
03756
03534
76511
79323
15111
15110
15113
15112
17997
24384
79280
47835
47836
47833
76206
51451
76198
79355
31105
31106
31107
31101
79353
31108
88722
88725
54953
15599
54951
82433
51050
39390
19610
73050
19760
90851
73458
60499
21131
57240
33796
90873
90872
90875
90877
90876
90879
90878
88420
60250
88050
06300
57641
85111
82541
51121
21620
21621
20860
85390
80495
90908
90905
90907
85449
90901
33213
46851
57331
57337
57334
57339
48200
46693
21241
39801
39800
42777
57424
57422
57421
21393
70102
70101
70100
57429
57428
85717
09841
54219
48444
70365
70364
27499
18880
18550
54500
09206
54502
09201
69150
33889
57521
18771
76347
54323
57934
57931
57930
48599
15855
15853
18390
15859
18396
79296
79290
79291
79909
54251
79727
79720
33770
15589
76232
33777
76235
79504
79505
76239
79501
79502
79503
33779
54395
79346
79340
06800
54170
73110
82399
82396
06799
24751
82408
82407
82405
74901
19620
88198
76831
51335
51331
19752
51332
17619
51801
57782
57783
57781
57786
17615
57784
57785
80711
12050
90861
90869
88260
82571
12690
82371
82373
21651
57352
53711
16362
57806
06200
90918
80150
57257
62161
57328
57324
05771
57320
39810
85612
57431
57433
57435
46997
57437
12271
57439
48452
85722
85721
54207
85611
09301
70371
09871
54201
95731
95730
21476
90736
70201
90734
48210
79160
90730
70207
33439
90739
03330
18980
18983
54331
54337
54335
76754
76755
57928
57929
15829
10615
90888
90942
18347
18345
66307
33894
76355
33896
47818
76350
33893
47812
47811
33898
47815
18748
76221
15559
06810
79400
66050
73100
82389
82383
51221
19102
15312
19101
82410
82142
82143
82141
60301
85715
76827
76824
76821
51499
51329
51323
51321
51811
73325
57522
16597
90857
90855
73328
90871
88275
21880
11791
27215
60050
57139
57135
57134
57137
57136
57131
57130
57133
57132
90929
42377
36900
90923
90922
90921
90920
85465
90925
90924
57220
57225
90976
57227
57229
57228
90977
85261
85484
85482
85480
57350
42101
17791
57356
10683
21260
54837
70160
60455
60456
60452
60453
36749
33401
03871
80520
36740
36295
42200
85765
62325
54239
45760
45765
45988
09861
54231
54237
70417
54301
45761
95720
24101
90702
90701
45614
03900
90704
54835
11935
90708
54831
54833
11930
54307
70414
54305
18995
54303
18993
18990
18991
03301
05432
54309
39605
18574
54783
54782
54787
54785
76781
76786
76785
76789
15128
48711
27454
79740
47800
47801
24351
24356
62102
24354
18751
18756
18758
33783
69136
79230
76270
15549
79360
15499
79362
79410
51799
06771
82171
85340
82281
82280
82289
36711
06995
51311
60201
60205
85706
06426
42560
06423
06422
19799
90844
90845
90846
88240
82599
51171
11727
82591
51773
27201
27202
57128
57129
57126
57127
57125
57122
57123
57120
57121
90934
90935
90936
90937
90930
90931
90932
90933
51375
90938
90939
06222
06221
80600
80605
57232
57230
57231
46888
57332
80198
46852
60429
36756
12252
12251
80510
36758
20854
45998
45990
80992
05888
70311
06421
45997
95717
46951
21320
95718
20780
21690
11929
85100
90718
90719
11920
90716
90717
90710
11925
90712
54821
09745
54311
09742
54319
76801
54794
54797
54791
57907
57901
18501
54222
54223
15151
76794
76796
76790
76791
90753
54008
48700
33106
18322
33107
27441
66320
76333
76331
88501
88505
76245
80181
47901
47900
47902
47724
79420
47723
57420
27050
82161
82163
57983
09445
12411
70415
79225
79227
79222
82291
88898
85713
73495
15200
85711
76800
73499
60210
45749
74401
73300
51761
82344
82343
79881
57118
57111
57117
90941
90940
90943
80617
80610
90944
90947
90946
90949
90948
09217
62360
21997
11682
27304
12799
57207
12790
57204
57750
12794
57752
69101
69102
69109
69108
21201
09402
80501
80050
09401
36725
60433
60430
60437
90893
80291
90891
90890
90897
90896
90895
90894
90899
90898
42735
54497
54495
54494
54491
88343
45701
45700
85750
85751
21441
95702
95703
95704
95705
95706
95707
99102
99103
99101
05631
05630
90959
11910
54503
57375
90726
85116
90762
12331
12332
48240
33350
18200
14780
90818
90892
88220
57973
57975
90728
18512
54250
33775
54257
54259
15812
54267
85804
15781
18331
45941
45940
57801
47865
79760
76494
57808
76307
76306
76305
76304
76303
76301
76300
76476
76472
54105
54107
54101
15569
54103
38101
57743
79308
79302
79303
79307
57408
24799
24793
24791
12401
24797
24794
79232
76271
79231
88319
51371
51373
15212
15213
51377
15211
76870
76874
76876
57691
88104
42500
06400
73371
73372
76901
76900
76902
85198
12651
88222
82331
82333
51201
82334
82337
79892
79893
79896
16897
46710
90952
90953
90950
90951
90956
90957
90954
90955
90958
21050
85421
82241
82242
57211
57213
57215
21235
69110
60150
60401
60400
36730
57105
57100
57101
57103
90884
90885
90886
90887
80261
57109
90883
45710
90813
62370
21301
21300
54805
54806
54801
54803
54809
90881
57360
57361
09509
90779
53689
90770
90775
05997
33345
18231
33341
36495
57962
57960
57964
57965
70332
54241
09344
09347
54245
09348
33769
18523
57319
24322
24323
48728
48729
48725
48726
09221
48721
48722
76488
57817
62390
76480
76481
45950
45951
45952
76487
76319
79158
79156
76465
76462
76460
76461
15519
54113
03445
24492
03442
66272
66271
79331
15681
15998
15997
15996
15990
33445
82102
82103
82101
79203
79202
79201
79200
79206
79204
76269
88302
60364
90778
27780
60230
51173
73360
73365
76910
11511
11512
82323
70122
51741
51211
19500
57733
21820
90969
90968
90967
90966
90965
90964
90963
90962
90961
90960
85221
80991
06250
27323
27322
21228
60415
60417
57487
36707
36705
36701
57173
11732
80276
80270
54475
54477
20791
20790
05610
21715
33111
90746
09517
33115
54876
54879
60705
60701
90749
60703
70520
90986
57399
90980
90983
42888
36835
57396
57391
42882
57392
70451
70456
39646
45815
45814
45811
45810
45812
80305
54909
57514
80300
45720
54277
33755
54906
54273
53589
54270
33241
18316
54050
03050
54297
39500
54299
24311
48756
57827
18791
57825
62381
47840
45922
80317
33761
18220
54247
90752
66390
76101
54123
03438
54121
54125
03121
03124
79320
14740
79325
14745
79329
24261
31401
47715
47713
88376
36225
82131
76294
79212
19446
76856
76852
80817
51425
51223
51427
51421
54341
51423
24442
24441
39250
73357
80810
73359
12631
57349
88750
88752
73198
76922
76921
76925
76924
46927
82486
82481
51731
51733
51225
57347
90978
90979
90970
90971
90972
90973
90974
90975
60399
60398
88111
88110
57760
57761
85219
57763
85213
12740
85211
82261
47856
69134
69135
21785
69130
69131
57010
57011
57818
17697
17699
42709
57499
33225
57163
57161
11721
80242
80241
80517
05600
33997
54461
21369
46918
21365
80512
09560
54860
54861
54866
54867
33104
90757
90759
16859
90782
57386
57384
57385
57382
57383
42896
57381
09701
09700
70440
16861
57941
46821
45807
45802
45800
21760
18819
45733
45734
54263
85781
85780
18814
54737
54735
54733
03738
54731
54739
48749
54281
24302
51231
45938
57839
57834
45933
57837
57831
30101
85749
48570
76444
76441
39405
24491
54135
54132
54895
66250
14751
80993
79049
09321
80990
88430
18100
82121
82122
82123
19750
79267
88327
31301
73500
88328
88329
76841
76844
19050
51341
51343
32400
32401
24451
73343
82789
82785
82780
82783
88211
88745
88743
82303
82304
82305
51232
11532
11535
51729
19452
51727
51725
57711
57710
57713
57712
57715
57714
57717
57716
57719
88105
12755
12751
82271
16995
16997
16990
57023
69140
57021
57027
36728
80256
80250
85701
27775
27776
09520
11712
11711
21804
11716
57155
57152
57151
88107
54453
54451
54450
54457
54454
46908
21373
21371
20771
46904
46905
54859
54857
54854
54851
54850
33201
70507
70506
70505
70504
70503
70050
70501
70500
18483
09717
24050
45838
48793
57865
36050
85794
36501
85790
15740
54706
54705
54709
03700
45905
33797
27432
45900
33798
80411
76260
57841
57843
57847
18240
85380
76265
76439
33100
03411
03410
76431
15529
24201
12995
03380
47952
47951
30201
79050
76050
06717
06715
06713
15415
15411
15412
15413
79278
79279
88351
88350
88352
88354
88356
51409
51403
51407
51405
24421
24424
85811
51399
54165
11521
54163
12611
51241
51243
51711
51718
19424
39120
24732
46766
73248
60376
57703
57700
57701
57706
57707
57705
57708
57620
82201
82202
27357
69159
21901
21900
57520
21902
69156
69157
69155
60110
17674
17671
09990
57140
57141
57142
57143
57144
57457
46935
57455
57453
21341
48342
48340
57459
36198
99260
20763
54849
36461
60590
54841
09545
54843
60599
09541
54847
57030
57031
80135
85417
85411
48500
45821
45822
33499
45828
45829
36996
36997
36995
54935
54441
54443
54449
15886
54718
54712
33788
62190
09811
09812
57856
57857
79110
70460
33301
09723
09720
18905
76704
18901
18903
03401
18050
30301
54159
33131
06708
06700
06703
06705
15399
15391
15462
79246
79241
70502
76130
42606
48100
88341
39200
88905
88900
47742
47741
06900
32200
54203
11551
12600
51701
27299
51251
19430
82475
74801
76340
73250
73255
57737
06050
57731
57275
36217
60101
60104
85310
90836
90831
90830
57608
82501
46740
57601
57600
57604
46921
57467
21355
57465
21357
46928
57469
57193
57192
57191
90788
16869
36325
79800
90787
90786
16862
90784
57517
57516
57515
10601
57513
57512
57511
57510
12301
57519
54893
45850
54891
48572
45855
48574
45857
45859
33467
90731
57998
21599
46814
46816
57996
70381
54947
54949
54431
54433
54435
90650
54437
80346
48799
54761
54760
54763
54765
48790
54767
48792
05835
05832
57861
57860
48400
39750
79104
82889
99452
70499
54389
70497
54383
54381
54380
76386
76385
76383
76382
76381
15090
53605
54365
54367
54361
32300
03360
24221
09931
76700
76707
76705
45902
15384
15381
47990
33794
47998
85881
06600
53601
06609
06608
88375
03210
15075
24401
27756
79490
79491
