73469
73392
16830
73396
11542
57207
31107
51263
51261
24711
19712
82191
19402
32301
73260
12704
12706
60351
57729
82222
82221
57720
57721
57722
57723
88398
21101
57291
57292
21105
17651
21106
36202
36201
36207
80595
57614
57615
57616
57617
57610
57611
57612
57613
57618
57619
85320
15529
95799
95798
95797
95796
95795
95794
95792
95791
90794
90795
90792
57185
21611
57181
51301
16811
57500
57501
57050
57503
21295
57505
57506
57507
57508
57509
85430
45842
57306
53605
48566
54889
45844
45845
54885
48568
54887
70240
57304
76801
27995
70392
70393
70391
70397
85507
54423
85505
85050
85501
70637
54779
15869
09050
33211
15712
54775
57875
57876
57878
57879
48412
48410
95771
99420
57094
54399
57095
36401
48095
46681
70484
54393
70483
54397
54171
76393
57090
76396
54177
79392
79395
79394
79397
54371
79398
33894
80695
62248
33897
90747
15441
33893
90745
90743
66181
79198
76884
06610
76887
76880
76888
51471
03201
82050
85981
90984
27763
66500
66501
66502
90982
09455
09106
88703
06100
82457
82450
51271
91846
82189
74950
24700
24701
82185
85705
51299
91873
12711
85701
82231
82989
19705
19700
19702
19703
21112
21111
21116
21117
21115
21118
11754
11753
06323
11751
06321
80210
11591
51101
82521
95789
95782
57899
95785
21605
85198
21600
80105
36309
80100
85421
80102
17653
85428
10620
57891
57315
36495
45877
45875
45874
57319
85601
45871
48550
05589
90713
45783
54969
21732
18841
18843
54961
48310
48312
36835
90945
54411
70650
70345
54987
70341
09821
48130
48132
57880
57883
88354
45996
30401
99431
54189
33759
76365
18715
54187
76363
18713
54343
09911
09912
27542
03343
80819
45895
45891
45899
54747
54745
54743
54741
33996
33998
03742
15451
76501
76502
90823
03439
24392
24391
82385
54197
31201
66400
06621
18764
27774
27775
03231
18767
54191
27779
57204
15050
06820
88950
27556
88730
82423
24779
91851
91855
91856
91858
17791
76773
19605
80180
19607
19600
19602
80310
12720
85241
27399
62381
27390
19770
82085
17631
17635
21127
21125
21124
57273
21121
57271
36220
16720
36225
11742
11743
33331
33231
90799
69151
82889
82888
57183
57418
36720
57417
99220
36722
32101
32100
32103
03751
60791
85451
85450
12100
36728
46661
62401
62400
46845
46842
57300
48232
48230
57096
21257
21256
21703
21701
46682
21259
57098
57099
45792
54979
45790
60461
45795
33050
45799
60469
57502
54409
48300
09107
54401
09105
54403
09103
54405
09101
54407
09851
54997
15849
76511
18549
85702
18544
18547
15845
99400
57896
48120
57895
57893
57890
62312
95752
95750
05689
95754
18431
33451
33453
33458
53607
76379
76376
18760
76375
76373
76370
76371
80823
80821
27555
48050
54357
54351
54353
76772
45887
76776
48564
76775
76779
45888
45889
54750
54751
54753
54757
03750
54759
30501
03755
03756
45849
03534
70311
24732
79323
85855
15111
17997
24384
17991
79280
15599
47836
76206
76201
51451
79355
31105
31106
79356
79351
79350
79353
79352
31108
88723
54953
47835
54951
54957
82433
51050
90732
39390
19610
51901
73050
19760
73458
85502
57799
60499
57791
21131
17605
57240
57797
57796
33796
90877
90879
90878
60250
45870
88050
06300
57641
85111
82541
51121
21624
21620
21621
21623
91717
20860
80495
90908
85444
90905
90904
90907
90901
90903
33213
46851
46852
57337
57334
57339
48200
54777
21241
39801
39800
16735
42777
57424
57422
21393
70102
70101
70100
57429
57428
48440
09841
54219
45740
70365
70364
27499
45749
18550
79354
54500
09206
54502
09201
90050
90729
69150
31101
76349
57521
76345
57130
91050
54323
57934
57937
57936
57931
57930
48599
15853
18390
15859
18396
79290
18370
17677
15100
79727
79720
15819
15589
76232
76237
54257
79504
79505
76239
79501
79502
79503
33779
54395
79346
79345
69190
79340
06800
76391
73110
82399
82397
06799
24753
24751
82408
82402
74901
19620
88198
76835
76830
76833
76839
51335
85261
51331
19752
51332
17619
51801
57782
57783
57781
57786
57784
57785
12050
90869
91804
88260
82571
12690
82371
82373
21651
57352
48342
91850
16362
57806
06200
90918
90919
95911
80621
90913
80150
57257
57328
05771
62425
57320
10697
60449
85612
57431
57433
57435
46997
57437
12271
57439
36770
48100
85721
45753
54207
85611
85728
09301
70371
09871
54201
95730
95733
95734
90736
70201
90734
48210
79160
90730
70207
79161
90739
03330
18980
18983
54339
54331
54337
54335
76751
76753
48580
57928
57929
15821
15827
90942
36743
18340
18347
18345
18349
18348
36740
66307
36295
18747
33895
33896
47818
18743
76353
47812
47811
33898
18748
76220
76221
15559
27721
09860
79370
06810
79379
06815
79400
66050
85730
73100
82389
46951
82383
51221
19102
15312
82410
82142
82143
82141
91889
91881
57798
60301
76754
27100
19748
51499
51329
51323
51811
57792
73325
17601
57522
16597
90857
90855
90979
21880
11791
27215
85710
60050
57139
57135
57134
57137
57136
57131
76886
57133
57132
09835
90971
90972
90929
42377
36900
90923
90922
90921
90920
90925
90924
57220
57225
90976
57227
57229
57228
90977
54441
85484
85482
85480
57350
42101
57355
57356
21260
54837
70160
60455
60457
60450
60453
36749
33401
03871
80523
80521
42201
62325
54239
45760
45989
45988
05899
09861
54231
54237
70417
95729
54301
45761
95720
24101
90702
90701
45614
03900
90704
54835
11935
90708
54831
54833
11930
54307
70414
54305
18995
54303
18993
18990
18991
03301
05432
54309
39605
18574
54783
54781
54787
54785
76783
76782
76781
76786
76789
15128
48711
27454
47800
47801
24351
24356
62102
18751
18753
18756
18758
69136
79230
76270
15549
90931
15491
15492
79360
79362
79410
91872
51799
79162
82171
82281
82280
82289
06995
51311
60201
15384
36713
60205
18724
06426
42560
06423
06422
19799
15121
82599
51171
82591
51771
51773
27201
27202
46738
57128
57129
57126
57127
46736
57122
57123
57120
57121
90934
90935
90936
90937
90930
95800
90932
90933
36350
90938
90939
06222
06221
80600
80605
57232
57230
57231
80245
46888
57332
80198
57331
60429
36756
12252
12251
36753
36758
80519
20854
91844
45998
57338
80993
45991
05888
45993
45995
06421
45997
95717
95714
95713
21320
95711
21450
20780
21691
21690
11929
85100
90718
90719
11920
90716
90717
09521
11925
54821
54311
09742
54319
54797
54791
57907
57901
54221
54223
85811
85812
76796
76790
76791
76793
90753
54008
48700
18322
33107
47871
66320
17951
90757
76330
76339
88501
88505
76245
80181
15579
57981
79319
47901
47900
47902
47724
79420
79427
79426
79425
57420
27050
82161
82163
09445
12411
70415
79225
79224
79227
79220
79228
85717
57471
82291
88898
85713
73495
15200
45742
76800
73499
60210
42511
74401
73300
82335
88251
51761
82345
82342
82343
79881
57118
57111
57117
90941
90940
90943
80617
80610
90944
80612
90946
90949
90948
09217
62360
21997
57599
57598
57597
11682
12799
27301
27302
12792
12790
12791
57750
12794
57752
69101
69102
69109
69108
21201
09402
80501
80050
09401
36725
60432
60433
90950
90893
80291
90890
90895
90894
90899
90898
42735
54497
54495
54494
54491
88343
45700
85750
85751
21441
95702
95703
95704
95705
95706
99102
99103
99101
05631
05630
67271
90959
11910
54503
57376
57375
90726
54811
90762
90765
12331
12332
48240
33350
18202
14780
90892
06322
57973
57975
90728
54251
54250
70325
33775
18815
18514
54259
54267
15816
85804
57092
33889
24331
15781
18331
45940
57801
57803
47865
62161
57808
76307
76306
76305
76304
76303
76301
76300
76476
76472
54105
54107
54101
15569
54103
03101
38101
95923
57743
79308
54285
79307
88401
57408
24799
24793
24791
12401
24797
24794
79232
76271
79231
88319
51371
51373
15212
15213
15211
76870
76874
76876
57691
88104
06400
73371
76901
76900
76902
88220
12651
88222
82331
82333
51201
82337
79892
79893
79896
16897
46710
90952
90953
60539
90951
90956
90957
90954
90955
90958
21050
82241
82243
82242
57211
57213
57215
57741
21235
69110
60150
60401
60400
57105
57100
57101
57103
90884
90885
90886
42721
80261
57109
90883
54481
54483
54485
45710
62370
69185
21301
21300
60711
90887
54801
54803
54809
85340
57360
57361
09509
90779
53689
90770
90775
05997
33345
18231
33341
57962
57960
57964
57965
70332
54241
09344
09347
54245
09348
33769
18523
18303
24322
24323
48729
17939
48725
48726
09221
48721
48722
76488
57817
62390
76480
76481
76483
45950
45951
45952
76487
76311
67050
67501
79154
76465
76462
76460
67272
76469
15519
54113
03445
24492
03442
79331
15681
15998
15997
15996
15990
33445
82102
82103
82101
24781
24789
79203
79202
67475
79200
79206
79204
76269
91825
91824
91827
91820
95856
91829
91828
88302
90778
27780
60230
88114
51173
73360
76910
11511
11512
82323
70122
51741
51211
19500
57733
21820
48760
54995
90969
90968
90967
90966
90965
90964
90963
90962
90961
70340
85221
80991
06250
27322
80990
21228
60415
57487
36707
36705
36701
57173
11732
85355
54475
54477
20791
20790
05610
33111
90746
54873
33112
33115
54877
54879
60705
09518
60701
90749
60703
90985
70520
90986
57399
90980
90983
42888
57396
57391
42882
57392
57125
70451
70456
39646
45814
45811
45810
45812
80305
54909
57514
80300
45720
54277
33755
54273
53589
54271
54270
33241
18315
18316
54050
88326
03050
62141
54297
88327
54291
39500
54299
24311
48756
18791
57825
18793
45922
80317
33761
18220
91809
54247
90752
76451
76104
80312
76101
54123
03438
54121
54125
03121
03125
03124
79320
47936
14740
79325
14745
24261
31401
82325
88376
82135
82131
57608
76294
79211
91836
19448
91830
91831
76859
76858
51425
51223
51421
54341
51423
24443
24442
24441
95919
95918
95915
95914
95917
95916
39250
95910
95913
95912
73357
90947
73359
12631
88205
57349
12635
88752
73198
76922
76921
17654
76925
76924
82486
82483
51731
51733
51227
51225
57347
90978
32400
32401
90970
80646
80645
90973
90974
90975
60399
60398
88111
88110
57760
57761
85219
57763
85213
12740
85211
95903
82261
47856
69134
69135
21785
69130
69131
57010
57011
57818
17697
17699
57496
57497
36711
57498
57499
33225
57163
57161
11722
11721
80242
80241
11728
05600
33997
54461
21369
46918
20783
21365
16869
79856
09560
33100
54861
33106
54867
33104
54865
90759
16859
90782
57386
57384
57385
57382
57383
42896
57381
09701
09700
70440
57941
46821
45807
70643
45800
45801
76461
54269
45733
54261
54263
85781
85780
54266
54911
54737
54735
54733
03738
54731
54739
48749
54281
24302
54289
57839
57834
57837
57831
30101
48570
15539
39405
24491
54135
47941
47942
27533
66250
14751
79049
80992
09321
06721
88430
85744
18100
82121
82122
82123
51330
79260
19750
95712
91803
91802
91801
91800
91807
91805
31301
73500
88329
19050
51341
51343
95908
95909
95906
95907
95904
95905
95902
24451
95901
73343
82789
82784
17614
82780
82783
88211
88743
88748
82303
82304
51231
51232
11532
51729
19452
51725
60382
57711
57710
57713
57712
57715
57714
57717
57716
57719
12755
12751
82271
82273
16995
16997
16990
57023
69140
57021
33770
90714
80250
90710
27776
90711
21800
21801
11711
21804
11716
57155
09522
57152
57151
54453
54451
54450
54457
21373
46901
20771
54859
54857
54851
54850
33201
70508
70507
70506
70505
70504
70503
70050
70501
70500
09718
18483
09711
48790
24050
45838
48793
45830
33777
57865
36050
85794
36501
80321
15740
54705
54709
03700
33797
45902
33795
45900
33798
17905
76260
57841
79201
57847
57846
18240
85380
76265
76439
03411
76430
76433
24201
12995
03380
47952
67390
47951
62050
30201
79050
76050
06714
06713
99451
15415
15411
15412
79270
79271
88352
91819
88356
91811
91813
42301
51409
51403
51407
51405
79475
24421
95931
95930
24424
51399
51743
11521
54163
12611
51241
51243
51711
11712
95807
19424
39120
19426
46766
82685
82686
73248
57703
57700
57701
57706
57707
57705
57708
57709
57620
82201
82203
82202
27357
69159
21901
21900
57520
21902
69156
69157
69155
60110
17674
17671
80220
80222
09990
57140
57141
57142
57144
57457
46935
57455
57453
21341
53711
48340
57459
36198
99260
20763
36461
60590
54841
09545
54843
60599
09541
54847
47879
57030
57031
80135
85417
48500
45821
45822
33499
45828
45829
36996
36997
36995
54935
57860
39810
54443
15887
48761
54718
54711
54712
36752
27421
33788
62190
09811
33783
57856
57857
57855
70460
33301
09722
09721
18905
18901
18903
03401
18050
76420
30301
54159
33131
27511
91787
06700
06703
06705
15399
15398
15393
15392
15391
15462
79241
70502
76137
76139
48452
88341
18482
95924
95925
95926
95927
95920
95921
95922
39200
95928
95929
27742
88905
88900
47742
47741
06900
32200
54203
11551
12600
51701
27299
51251
19430
82475
17616
74801
73250
73255
57737
06050
57731
57275
36217
17641
60101
60104
85310
79315
82505
82501
57602
57601
57600
57604
57467
21355
57465
21357
57469
57193
57192
57191
47723
42621
36325
79800
09552
16861
16862
90784
57517
57516
57515
10601
57513
57512
57511
57510
12301
90960
57519
54893
45850
54891
48572
54897
48574
54895
48576
48578
33467
90731
57998
21599
57996
70381
33439
54947
54949
54431
54433
90650
54437
54439
80346
54769
15891
15892
15721
48799
54761
54765
54764
54767
48792
05835
05832
57861
09809
54707
48400
57868
79104
51131
99452
70499
54389
70497
36149
54381
76386
54165
76383
76382
15090
76389
76388
54365
54367
54361
32300
03360
24221
09931
76700
76707
76705
76704
47996
15381
91786
33794
47998
53602
79255
79259
85881
06600
53601
06609
06608
88375
91871
91874
91875
03210
57415
15075
24401
27756
79490
79491
