73469
73392
57928
57207
51263
51261
82198
24711
19712
82191
82441
19402
32301
73260
12704
12706
60350
57729
82222
82221
57720
57721
57722
57723
88398
21101
57291
57292
21105
17651
17652
17653
36202
36201
36207
80595
57614
57615
57616
57617
57610
57611
57612
57613
57618
57619
80201
85320
57479
95797
95796
10701
57471
95791
95790
90793
57185
57181
51301
16811
57500
57501
57050
57503
21295
57505
57506
57507
57508
57509
48562
48563
48560
57980
48567
45844
45845
54885
48568
54887
09231
57304
53608
27995
62466
46510
70392
70393
70391
70397
18859
85507
54423
85505
85050
85501
70637
54779
09050
54771
15712
54775
57873
57308
57876
57878
57879
48412
48410
48411
95771
99420
57094
57095
36401
48095
57092
70484
54393
54395
54397
76390
54171
76393
76394
57090
76397
79395
54371
33894
80695
62248
33897
90747
33892
15441
85758
33893
90745
33112
90743
03511
66181
60462
67211
76887
76880
76888
51473
51471
03201
82050
90748
85981
90984
66500
66501
66502
90981
90982
76221
09455
88708
09106
88703
06100
82455
70643
51271
91846
91845
91844
74950
82182
82181
24701
51299
91873
12711
85701
82231
82235
21470
82989
19705
19700
19701
21112
21111
21116
21117
21115
21118
51851
11754
11753
06323
11751
06321
80210
80211
51101
82521
57408
95780
95781
95782
57899
15899
21605
21602
21600
80105
36309
80100
80102
85429
57891
57315
42801
45878
45877
45876
33441
45874
57319
85601
45871
09221
17750
05589
18849
45783
54969
21732
18841
18843
90943
54961
48310
48312
36835
90945
54415
54411
70650
70345
54987
70341
09821
70342
57889
48130
48132
57881
57880
57883
30401
95760
99431
18441
33759
76365
76364
54187
76366
42560
54343
09911
09912
54347
80813
79384
03343
79388
85241
45895
45897
45891
76766
54272
54747
54745
33224
54743
54271
54741
33996
33998
03742
15451
76501
76502
90823
24392
24391
54197
31201
66400
06621
18764
27774
27775
76187
18767
54191
27779
57204
15050
06820
88950
88104
27556
88730
82415
62148
82425
57487
24779
91851
91855
91856
91858
54353
95795
19609
76773
19605
80180
19607
19600
80181
10705
69152
12725
12720
27399
62381
27390
19770
82085
17631
17635
21127
21125
57275
60483
57273
21121
57271
69150
36220
16720
36225
16725
11742
11743
33331
11745
33231
69151
82889
90709
57183
57418
36720
57410
57417
99220
80482
32101
32100
32103
16830
60791
21630
85450
12100
36728
46661
62401
62400
46845
46842
57300
48232
48230
57096
21257
21256
46681
21701
46682
21259
57098
57099
45792
45790
45795
33050
45799
60468
54409
48300
09107
54401
09105
54403
09103
54405
09101
54407
09851
54997
15849
54995
18549
18544
15841
15845
99400
57896
48120
57895
57893
57890
62312
03439
95750
05689
95754
18431
33451
33453
33458
53607
76379
18760
76372
76373
76370
76371
80820
27555
48050
54357
54351
54889
76772
45887
76771
53601
76779
45888
45889
54751
54753
47936
54757
03750
03751
03755
03756
18450
03534
70311
76511
14741
17993
15111
15113
85852
17997
79289
24384
79280
17999
47835
47836
76206
51451
79355
31105
31106
31107
79351
31101
79353
79352
46866
31108
88725
54953
15599
54951
54957
82433
82436
90732
39390
17604
19610
51901
73050
70451
57375
19760
73458
57799
60499
57791
21131
17605
57240
17603
17602
57797
57796
42799
90879
90878
60250
45870
82890
88050
06300
57641
85111
85393
82541
51121
21620
21621
99230
99231
20860
80495
90908
85444
90905
90904
90907
90901
33213
46851
46852
33211
57337
57334
14783
57339
48200
73499
54777
18716
21715
21241
39801
39800
60470
42777
57424
57422
21393
70102
70101
70100
57429
70104
96705
85715
54219
45740
70365
70364
27499
48448
45749
45842
96701
96700
96703
54500
09206
54502
99090
09201
90723
90050
90729
57689
79350
33889
57521
76346
05410
05413
91050
54323
69155
57934
57936
57933
48594
48599
15855
15850
15853
18390
15859
18396
79294
18370
17677
15100
79727
79720
33770
15589
47823
76231
79504
79505
76239
79501
79502
79503
33779
70483
79346
79345
69190
79340
06800
73110
85465
82399
88444
88441
06799
24751
54177
74901
19620
88198
51050
76836
76831
76833
76832
51335
51337
85261
51331
19752
19751
51332
17619
57788
57789
51803
51801
57782
51353
57781
57786
57787
57784
57785
12050
51351
17799
90869
91804
57450
82571
12690
82371
82373
21651
57352
17791
85382
16362
47861
06200
90918
39250
90913
57257
27794
46531
76494
57328
57320
10697
60449
57430
57431
57433
57435
46997
57437
12271
57439
48452
45753
54206
54207
85729
09301
70371
09871
54201
19611
53799
95739
95738
79165
95730
95733
95734
90736
70201
90734
48210
90730
70207
18414
18412
90739
03330
18980
18983
33124
54331
54337
57927
48580
48582
15821
15823
15827
18347
18345
18349
66307
36295
18747
33895
33896
47818
18743
18741
76353
47812
47811
33898
79198
45761
15559
27721
79377
33499
06810
79400
66050
73100
82389
80050
82383
88452
82385
19102
15312
82413
82142
82143
82141
91889
51225
91881
57798
60301
76754
27100
51499
51811
57792
73325
17601
57522
16597
90857
90979
21880
11791
27211
27215
60050
96704
96706
57139
90877
21860
96702
57135
57134
57137
57136
57131
57130
57133
57132
90972
90929
90928
42377
36900
90923
90922
90921
90920
90926
90925
90924
57220
57225
90976
57227
57228
90977
54441
85484
85482
85480
57350
42101
57355
57356
21260
54837
70160
60455
88114
60451
60453
36749
33401
10751
80520
42201
62325
54239
45760
45989
45988
05899
09861
54231
54237
54305
95729
54301
95720
24101
57806
90702
90701
45614
03900
90704
54835
11935
54831
54833
11930
54307
70414
48564
18995
54303
18993
18990
18991
03301
54309
85762
57910
39605
54783
54781
54787
54785
76783
76782
76781
76785
76789
15128
48711
45964
79740
45966
47800
47801
45962
24351
45968
62102
24354
18751
18756
18758
69136
79230
76270
27733
15549
15494
15495
15491
15492
15493
79364
79362
79417
79410
96766
57856
91872
51799
88467
82171
82281
82280
06995
51311
60201
15384
36713
60205
85706
06426
06421
06423
06422
19799
82599
51171
82591
51775
51771
51773
51779
27201
27202
46738
57128
57129
57126
57127
46736
57122
57123
57120
57121
90934
90935
90936
90937
90930
90931
90932
90933
36350
90938
90939
57783
06222
06221
80601
80600
80605
57232
57233
46888
57332
46880
57331
80517
36756
80513
12252
12251
82305
60421
60423
36758
60424
54349
45998
05331
80999
57338
27454
80993
45991
05888
45993
45995
45997
95717
95713
21320
95711
95710
70635
21369
21690
11928
11929
85100
90718
90719
11920
90716
90717
90710
11925
54821
27594
54311
54313
54315
54319
17960
54797
54791
90753
57907
57901
54221
54223
85811
85812
76794
76797
76790
76791
76793
33101
54008
48700
18322
33107
47871
47877
47879
17951
90757
76334
76335
76339
88501
76240
88505
76245
15579
57981
79319
99060
47900
79317
47902
47724
79420
47723
57420
27050
82161
82163
57983
09445
12411
70415
79225
79227
79222
57428
82291
88898
85713
73495
15200
70417
45742
76800
76801
54214
60210
42511
74401
73300
73301
99068
88250
88251
51203
51761
82344
82345
82342
79881
57118
57111
57117
90941
90940
80616
90942
80610
90944
90947
90946
90949
90948
09217
60501
21997
57599
57598
57597
11682
12799
27301
99067
27302
12792
12790
12791
57750
12794
57752
69101
69102
69109
69108
21201
09402
80501
60438
09401
36725
60433
60430
90893
80291
90890
90895
90894
90899
90898
42735
54497
54495
54494
54491
88343
45700
85750
21441
95702
95703
95704
95705
95706
46941
99102
99103
99101
05631
67271
90959
11910
57376
54819
90726
57373
85119
54811
90762
12331
12332
48240
33350
14785
18202
14781
14780
90892
06322
88220
57973
57975
90728
54251
15819
70325
33775
09331
54257
54259
85782
15814
85804
24331
15781
18331
45940
57801
57803
47865
76497
62161
57808
76307
76306
76305
76304
76303
76301
76300
76476
76470
76472
54105
54107
54101
15569
54103
03101
38101
95923
57743
54285
24799
24793
24791
12401
24797
24794
57306
79232
79233
76271
79231
57307
51373
15212
15213
15211
51379
76870
76874
76876
57834
57691
57837
06400
76901
76900
76902
85198
12651
88222
82331
82333
51201
82334
82337
79892
79893
79896
16897
16899
96730
96731
96732
96733
90952
90953
90950
90951
90956
90957
90954
90955
90958
21050
82241
82243
82242
57211
57213
57215
57217
21235
69112
69110
60150
60401
60400
36736
36738
57105
57100
57101
57103
90884
90885
90886
42721
57109
90883
54481
54483
54485
45710
53590
21301
21300
60711
90887
54803
57502
54809
85340
57360
57361
09509
53689
90770
90775
05997
33345
18231
33341
36495
57962
57963
57960
57961
57964
57965
70332
54241
09344
09347
54245
09348
33769
18523
18303
24322
33445
48725
48726
48550
48721
48722
76488
57817
45958
62390
57810
76480
47856
45950
45951
45952
76487
79158
76311
67050
67501
76465
76462
76460
67272
15519
54113
54110
03445
24492
03442
79331
15681
15998
15997
15996
15990
82102
82103
24787
24781
15351
24789
76260
67475
79200
79206
79205
79204
76269
91825
91824
91827
91820
91822
95856
91828
88305
88302
88301
76863
90778
27780
73255
60230
73365
76910
82323
70122
51741
51211
19500
57733
21820
48760
80670
90969
90968
90967
90966
90965
90964
90963
90962
90961
70340
85221
80991
06250
27323
57779
10910
80990
21228
60416
60417
57485
42711
36707
36705
36701
57173
85358
11732
85352
80270
54475
54477
20791
20790
05610
33111
90746
54873
09517
33115
90742
54877
54879
60705
17599
09518
60701
90749
60703
70520
90986
57399
90980
90983
42888
53690
57396
57391
42882
57392
57125
09990
70456
39647
39646
45814
45811
45810
45812
85392
80305
54909
80300
54278
54277
33755
54273
53589
54903
88324
33241
18315
18316
54050
88326
03050
62141
54297
54291
39500
24311
48756
18791
57825
18793
47840
45922
85765
80316
18220
85362
91809
80310
76453
90752
76101
54123
03438
54121
54125
03121
03124
47935
79322
14740
14745
24261
15697
31401
88425
82325
82135
82131
57608
76294
79216
79211
79212
91836
91835
76856
76853
76852
80817
51425
51421
54341
51423
24443
24442
24441
95919
95918
19051
95915
95914
95917
95916
95911
95910
95913
95912
73357
73359
12631
88205
57349
12635
88750
88752
73198
76922
76921
17654
76925
76924
51731
51221
51735
51737
80198
57347
90978
32400
32401
90970
90971
80645
90973
90974
90975
60399
60398
88111
88110
57761
85219
57763
85213
12740
85211
95903
45954
82261
10920
76481
69134
69135
21785
69130
69131
57010
57011
95752
57818
17697
17699
33761
57492
57496
57497
57495
36711
57498
57499
33225
57163
11724
57161
11721
80242
80241
80245
05600
33997
54461
20780
46918
20783
21365
90750
90751
54860
54861
33106
54867
33104
54865
90758
90759
16859
79156
90782
57386
57384
57385
57382
57383
42896
57381
09701
09700
70440
18499
16861
99069
57941
57943
46821
45809
99061
45807
99063
99065
99064
45800
99066
20854
76461
54269
45733
54919
54261
54263
85781
54266
54267
54737
54735
54733
03738
54731
69160
54739
48749
54281
24302
54289
45938
57839
27402
45933
45930
27401
57831
30101
45999
15539
39405
24491
47941
47942
27533
66250
14751
51729
79049
80992
09321
06721
88430
85744
18100
82121
82122
82123
46955
19750
79267
95712
91803
91802
91801
91800
91807
31301
73500
62590
88329
51348
51349
36722
19050
51341
95908
95909
95906
95907
95904
95905
95902
24451
95900
95901
73343
82789
82784
17614
82780
82783
88743
88741
82303
82304
51231
51232
82493
19452
51721
51725
80655
57711
57710
57713
57712
57715
57714
57717
57716
57719
12755
12753
12751
82275
10930
82271
82273
16995
16997
16990
57023
69140
57021
90714
88260
80255
80253
03231
90711
96767
11712
11711
82101
21804
11716
96761
96760
80782
90713
57152
57151
57875
54453
54451
54457
21373
21370
46901
20771
54859
54857
54851
33201
10660
70508
70507
70506
70505
70504
70503
70050
70501
70500
09718
18483
05499
09717
48790
24050
45839
45838
48793
99072
99073
99070
45830
45835
99075
57865
36050
85794
85792
85793
15744
15740
57861
54705
54709
03700
33797
33796
33795
45900
33798
57841
05813
05815
79201
57847
57846
18240
57868
76265
76439
33100
03411
76431
15529
76432
24201
12995
03380
47952
67390
47951
62050
30201
79050
76050
06718
06715
06713
06712
15415
15411
15412
79271
88351
88350
88353
88352
88354
88356
88358
91810
91811
91813
42301
51409
51403
51407
51405
24421
95931
95930
24424
51399
54165
51743
54163
12611
51241
51243
51711
21801
96765
96764
19424
39120
24732
96763
96762
19550
73248
57702
57703
57700
57701
57706
57707
57705
57708
57709
57620
82201
82203
82202
27357
69158
69159
21901
21900
57520
21902
69156
69157
99310
17678
60110
17671
80221
91850
57140
57141
57142
57144
57457
46935
57453
21341
48344
48345
53711
48340
57459
36198
20763
20760
15354
36461
60590
54841
54843
60599
10611
66320
57030
57031
80135
80136
45826
17950
48500
45821
45822
18474
45828
45829
17700
36996
36997
36995
54935
54447
39810
54443
15887
48761
54718
54719
54711
54712
36752
27421
33788
45918
62190
09811
33783
79113
57857
57854
57855
70460
33301
33650
70463
09723
09720
18905
18901
18903
03401
18050
30301
33131
54153
54151
27511
03711
06700
06703
06705
15398
15393
15392
15391
15462
15394
79243
79242
70502
76137
76131
48100
88341
18482
95924
95925
95926
95927
95920
95921
95922
39200
95928
95929
27776
88905
47745
88900
47742
47741
06900
32200
54203
12600
51701
27299
51251
19430
82475
74801
60367
73250
60361
99071
57737
06050
57731
57730
99074
36217
17641
60101
60104
85310
82505
82501
57602
57601
57600
57605
57604
46920
57467
21355
57465
21357
57469
57193
57192
57191
53831
42621
36325
79800
90786
16862
90784
57517
57516
57515
57514
57513
57512
57511
57510
12301
90960
57519
54893
54891
54897
48574
54895
45859
33467
90731
17732
57998
21599
57992
46810
57996
70381
33439
54947
54949
36501
54431
54433
54435
90650
54437
80346
54769
54703
48799
54761
54760
54765
54764
54767
48792
05835
05831
57860
48400
09801
39750
39752
79104
99451
99452
70499
54389
70497
70496
36149
54381
76385
76383
76382
15090
53605
76389
54365
54364
54367
54361
32300
03360
24221
09931
76700
76707
76706
76705
76704
47996
15381
33794
47998
79250
79253
53602
79258
85881
76413
06600
06609
06608
91871
91875
03210
57415
15075
24401
27756
79490
79491
