73469
73392
16830
57207
88714
51263
51261
82198
24711
19712
82191
82441
19402
32301
73260
12704
12706
57729
82222
82221
57720
57721
57722
57723
88398
21101
57291
57292
57293
21105
17651
17652
17653
36201
36207
80595
57614
57615
57616
57617
57610
57611
57612
57613
57618
57619
85320
98004
98005
98006
98007
98000
98001
98002
98003
98008
57161
96790
57479
10701
95793
10706
10705
95790
90796
57185
57181
51301
16811
57500
57501
57050
57503
21295
57505
57506
57507
57508
57509
45842
48563
48560
57980
54889
53601
62400
54885
48568
54887
09231
53609
53608
27995
46866
70392
70393
70391
70397
85507
54423
85505
85050
85501
70637
54779
15869
09050
54771
15712
54774
54775
82443
57874
48230
57878
57879
48412
48410
95771
57094
57095
36401
48095
70484
70485
54395
54397
76390
54171
76393
21701
54177
79395
79394
54371
33894
62247
62246
33895
80695
62248
33897
18630
18741
15441
85758
90745
33112
90743
33211
03511
60463
66181
60462
67211
76884
06610
76887
76880
06619
76888
51472
51471
03201
82050
85981
90984
27766
66501
66502
90981
90982
09106
88703
06100
70643
51271
91844
74950
91842
82182
82181
24701
90714
12712
12713
91873
12711
82231
88385
82989
19705
19700
19702
21112
21111
11754
06322
06323
11751
06321
80210
80212
90814
51101
82521
57408
57899
57404
96720
79821
21605
85198
21600
36309
80100
80102
80103
57315
53611
42801
45878
45876
33441
57319
85601
45871
09221
17751
17750
05899
17752
05589
18849
45783
54969
21732
18843
90943
54961
48310
48312
36835
10711
90945
54415
54411
70650
70345
54987
70341
09821
90946
57889
48130
48132
57881
57880
57883
30401
99431
80300
76365
18715
54187
76366
18712
54343
09911
09912
54347
79387
79384
03343
54349
85241
45895
45897
45891
76766
45899
45898
54747
54745
33224
54743
54271
54741
33996
33998
03742
15451
90823
03439
24392
24391
54197
31201
76213
66400
06621
18764
27774
27775
03231
18767
54191
27779
51441
57204
62141
15050
98009
06820
57753
57752
88950
27556
88730
82415
62148
82421
57487
91850
91851
91855
91856
24775
76772
19605
80180
19607
19606
19600
57471
95791
69152
17615
57827
12720
57825
27399
27390
19770
82085
17635
21127
21125
57275
21123
21122
21121
21120
90804
69150
90801
90802
90803
36220
16720
36225
11743
33331
69151
82889
90709
57183
57418
85742
36720
57410
57417
57415
36722
32101
32100
32103
03751
60791
21630
12100
36728
69190
62401
45869
46510
57300
48232
45865
45866
57096
21257
21256
57092
45985
21259
57098
57099
45790
45791
45796
45794
45795
33050
57502
54409
48300
09107
54401
09105
54403
09103
54405
09101
54407
09851
54997
15849
54995
85701
18544
15845
99400
48120
57895
57893
57890
57891
95752
95750
05689
18431
33451
33453
57834
33458
53607
76379
18760
76372
76373
76370
76371
80820
27555
48050
27557
54357
54351
54353
45886
76773
76771
48564
76779
45888
33231
54753
54757
03750
54759
03124
03755
03756
95802
18450
03534
76511
47936
15111
15113
17997
24382
79288
24384
24386
79280
17999
47838
47835
47834
47836
47939
95709
51451
31105
31106
31107
79351
79350
79353
79352
31108
54953
15599
54951
54957
82433
82436
90732
39390
24767
19619
17604
19610
51901
73050
70451
57375
19760
73458
57799
60499
57791
21131
57793
57240
57794
57797
57796
42799
90879
90878
60250
45870
82890
88050
06300
57641
85111
82541
51121
21620
21621
20710
80495
85442
85440
85441
90908
85444
90905
90904
90907
90901
46679
33213
95692
57332
57331
95691
57337
57334
14783
57339
48200
54777
46692
46691
39801
39800
42777
57424
57423
57422
21393
70101
70100
57429
70104
96705
54219
45740
70365
70364
48449
54214
96701
96700
54500
54502
09201
54507
54506
57689
31101
33889
57521
76343
76342
76340
18774
96708
05410
05413
54323
57934
57936
57933
48599
15856
15850
45970
15853
18390
15859
18396
91835
18370
17677
15100
33771
79727
79720
88727
79289
15589
76230
76236
76235
79504
79505
76239
79501
79502
79503
33779
27711
85723
54393
36752
79346
79348
06800
90920
82399
88441
06799
24751
82402
24759
74901
90726
85602
19620
88198
96779
51050
76837
76832
85261
51331
19752
19751
51332
17619
57788
57789
51801
57457
57782
51353
57781
57786
57787
57784
57785
12050
17799
90869
21341
82571
12690
82371
21651
57352
85382
16362
47861
06200
90918
39250
90915
80621
80150
57257
27794
76494
57328
57329
05771
57320
10697
57431
57433
57435
57437
12271
57439
48452
85722
45753
45750
54207
09301
70371
09871
54201
79165
21470
95733
21476
90736
70201
90734
48210
90730
70207
18414
18412
90739
03330
18980
18983
60599
54331
54337
57923
48586
76755
57928
15821
15829
18340
18347
18345
18349
80136
66307
76354
76355
33896
47818
18743
76352
33893
47812
47811
80812
79198
76221
48500
15559
27721
51739
79372
33499
06810
79379
06815
79400
66050
73100
73101
82388
82389
80050
82383
82385
19102
15312
51227
82413
82142
82143
82141
91889
91881
57798
60301
27100
36997
19748
51499
51329
51327
51811
57792
17602
73325
17601
57522
16597
90978
90979
21880
11791
19631
27215
60050
96704
96707
96706
57139
90877
96703
96702
57135
57134
57137
57136
57131
57130
57133
57132
42377
36900
90923
90922
80635
85465
90925
90924
57220
57225
90976
57227
57228
90977
54441
85484
85482
85480
57351
57350
57353
42101
17791
57356
21260
54837
70160
60455
88114
60451
60453
36749
33401
42201
70415
54239
45760
62323
45987
09861
54231
54237
62329
53788
95729
54301
95720
24101
57806
90702
90701
45614
03900
90704
54835
11935
54831
54833
11930
54307
70414
54305
18995
54303
18993
18990
18991
03301
05431
54309
57910
39605
57914
54783
54781
54787
54785
76783
76782
76781
76786
76785
76789
15128
38060
54011
48711
27454
79740
45961
47801
24351
62102
24354
18751
18756
76329
69136
79230
76270
27733
15549
17812
15494
15495
17899
79368
15491
15492
79362
79417
45731
79410
91872
51799
82171
96710
33650
82281
82280
82289
06995
51311
60201
60200
15384
36713
60205
85706
06426
06421
06423
06422
19799
15121
82599
51171
82591
51776
51771
51773
51779
27201
27202
96714
96712
57128
57129
57126
57127
57125
46731
57123
57120
46732
90934
90935
90936
90937
90930
90931
90932
90933
36350
90938
90939
57783
06222
06221
80600
80605
57232
57233
57349
46880
57347
80517
60428
36756
36757
12252
12251
82305
60422
60425
60424
60427
91843
96719
45998
05331
80999
57338
80993
45991
05888
70311
45770
85744
45997
95717
95713
95712
95711
95710
47800
95718
21690
11928
85100
90718
90719
11920
90717
90710
11925
90712
54821
27594
54311
54315
54319
21241
76801
54797
54791
57904
57907
57901
57090
54221
54223
36625
85811
85813
85812
76327
76794
76790
76793
48705
54008
48700
18322
33107
47871
45974
45975
47877
45971
47879
90757
45979
76333
76330
42501
76338
88501
76241
88505
76245
80181
15579
57981
79319
79312
47900
47902
47724
79420
47723
57420
27050
82161
82163
09445
12411
57428
82291
88898
85713
73495
15200
70417
45742
76800
73499
54215
60210
42511
74401
88250
51763
51761
82345
82342
82343
79881
57118
57111
57117
90941
90940
80616
90942
80610
90944
90947
45807
90949
90948
09217
60501
21997
57599
57598
57597
11682
96734
12799
27301
27302
12792
57754
12790
12791
57751
57750
12794
12795
69101
69102
69109
69108
57790
21201
09402
80501
60438
09401
60432
60433
60430
90893
80291
90890
90895
90894
90899
90898
42735
90957
54497
54495
54494
62346
62347
54491
88343
45701
45700
62348
95700
21441
95702
95703
95704
95705
95706
99102
99103
99101
05631
90959
11910
54819
57374
85114
54811
90762
12331
12332
48240
33350
90723
14785
18202
14781
14780
90892
57973
57975
90728
54251
15819
70325
33775
09331
54257
54259
85782
15814
85804
24331
15781
18331
45940
57801
57800
57803
47865
76497
62161
57808
76309
76308
76307
76306
76305
76304
76303
76301
76300
76473
76472
54105
54107
54101
15569
54103
03101
38101
39200
79304
79437
24799
24793
24791
12401
24797
24794
57306
79232
76271
79231
85358
51373
15212
15213
15211
51379
76870
76874
27402
57691
88104
57831
06400
73372
76901
76900
76902
88220
12651
88222
12656
12655
82331
82333
51201
82334
51203
79892
79893
79896
16897
16899
96735
96736
96737
96730
96731
96733
90952
90953
90950
90951
90956
73200
90954
90955
90958
21050
85422
85423
82241
82243
82242
57211
57213
57215
21235
69112
69110
60150
60401
60400
36732
36731
36738
57105
57100
57101
57103
90884
90885
90886
42721
85341
57109
90883
54481
54483
54485
45710
53590
90813
62371
21301
21300
76442
60711
90887
54803
54809
85340
57360
57361
09509
53689
90772
90770
90775
05997
18231
33341
14796
36495
57962
57963
57960
57961
19430
57964
57965
70332
54241
18839
09344
09347
54245
33769
18523
18303
24322
33445
48725
48726
48550
48721
48722
76488
57817
45958
45959
57810
76480
76481
45951
45952
76487
42560
79158
67505
67050
67501
76465
67271
76460
67272
15519
54113
54111
03445
24492
57450
03442
79332
15681
15998
15997
15996
15990
79440
79444
82102
82103
82101
24781
15351
57757
24789
76260
67475
79200
76265
79204
76269
91827
91820
91822
95856
91828
88308
88302
90778
27788
27780
60230
73365
76910
19679
51745
70122
51741
80992
51211
19500
57733
21820
90969
90968
90967
90966
90965
90964
90963
90962
90961
70340
85221
80991
06250
57779
10910
57009
57008
80990
21228
69128
60414
60416
42711
36707
36705
36701
57173
11733
11732
80276
80270
54475
33759
54477
05610
33111
90746
54873
09517
33115
90742
54877
54879
60705
17599
96711
09518
60701
90749
60703
70520
90986
57399
90980
90983
42888
53690
57391
42882
57393
57392
33338
09990
57122
70456
39647
39646
45814
57121
45811
45810
45812
85770
80305
54909
85775
54279
54277
33755
54273
53589
54903
54725
33241
18315
18316
54050
88326
03050
54294
54297
54291
39500
27499
24311
62382
18791
18792
18793
47840
91804
85765
80316
18220
91809
80310
76453
85760
76101
54123
03438
54121
54125
03121
03125
15505
14741
14740
79324
14745
79329
24261
15697
47718
31401
88421
82325
82135
82131
57608
76294
79216
79211
79213
91836
19448
91833
91830
88374
57603
76853
76852
96787
96786
80817
51425
51421
54341
51423
24443
24442
24441
95919
95918
19051
95915
95914
95917
95916
95911
95910
95913
95912
73359
88205
12635
73198
76922
76921
17654
76925
76924
65101
82485
51221
51735
51225
80198
69175
32400
32401
90970
90971
90972
90973
90974
90975
60399
62390
88111
88110
57761
85219
57763
85213
12740
85211
95903
82261
10920
69134
69135
21785
69130
69131
57010
57011
57818
17697
17699
33761
57492
57496
57497
36711
57498
57499
33225
57163
11724
11725
11721
80242
80241
85360
80245
96800
96801
05600
05601
70194
54461
21369
21499
20783
46911
46910
21365
21495
90750
33100
54861
33106
54867
33104
54865
90759
16859
90782
57386
33997
57384
57385
57382
57383
42896
57381
09701
09700
70440
90786
39650
57941
57947
76462
45801
21762
45730
54269
45732
80335
54919
54261
54263
85781
54266
54267
54737
54735
54733
03738
54731
69160
54739
48749
54281
24302
54289
45938
45932
45933
27401
45937
30101
45999
76445
76447
15539
33124
39405
24491
14758
27533
66250
14751
85741
51729
79049
45775
09321
06721
88430
47762
16861
18100
82121
82122
82123
82337
51333
79260
19750
21320
91803
91802
91801
91800
91807
31301
73500
62590
88329
76842
76845
76847
51348
51349
19050
51341
51347
33892
95908
95909
95906
95907
95904
95905
95902
24451
95900
95901
73340
73343
82789
82784
17614
82780
82783
88743
88741
17617
88749
82303
82304
51231
51232
82493
19452
51723
51721
51727
51725
60388
60389
57711
57710
57713
57712
57715
57714
57717
12759
57719
57718
12755
12753
12751
82275
54193
82271
82273
16995
16997
16990
57023
69140
57021
69142
09525
90699
88260
85375
80256
80250
33898
57716
90711
21800
21801
11711
15354
21804
11716
90713
57621
57152
57151
96768
57875
54453
54451
54457
21373
46900
20771
20770
54859
54857
54851
33201
10660
70508
70507
70506
70505
70504
70503
70050
70501
70500
09718
18483
05499
09711
09717
09715
24050
48793
45833
45835
10930
57865
36050
85794
80321
54703
15745
15740
57861
54705
54709
03700
33797
33796
33795
45900
33798
05810
05813
05814
57847
05816
18240
70478
03411
15529
76432
76437
24201
03380
47952
67390
47951
47957
47955
14720
62050
30201
79050
76050
06713
88325
15416
15410
15411
79270
79271
79277
88352
88356
88358
91816
91811
91813
85370
42301
51409
51403
51407
51405
24421
95931
95930
24424
85740
48790
90912
51399
54165
51743
88770
54163
12611
51241
96767
51243
51713
51711
95806
95804
19424
39120
24732
24739
95808
19550
73248
60370
57702
57703
57700
57701
57706
57707
57705
57708
57709
57620
96769
82201
82203
82202
27357
69158
69159
21901
21900
57520
21902
69156
69157
69155
17678
60110
17671
80220
57140
57141
57142
57143
57144
45976
57452
48348
48349
48344
53711
10720
57459
36198
20763
20760
33101
36461
60590
54841
09545
54843
09543
10611
66320
57031
70513
85413
45826
17950
45820
45821
45822
18474
45828
17700
62446
36996
21370
36995
18871
54935
36758
18879
54447
39810
54443
48760
48761
54718
54719
54715
54711
54713
27421
33788
45915
45918
62190
33783
57852
57856
57857
70460
33301
09725
18905
18901
18903
03401
18050
30301
33131
54153
54151
27511
03711
91787
47981
06700
06703
06705
15393
15392
15391
15462
15394
79243
79242
79249
70502
48100
88341
88345
91865
18482
91866
95924
95925
95926
95927
95920
95921
95922
95923
95928
95929
88905
88900
47742
47741
06900
32200
54203
82323
51701
27299
51251
95812
95813
95814
95815
82475
98018
79201
74801
98013
98012
98011
98010
98017
98016
98015
98014
73250
73255
57737
06050
57731
57273
36217
17642
60101
60104
79206
85310
79314
82505
96789
96788
82501
46740
57602
57601
57600
96781
96780
57605
57604
57467
21355
57465
21357
57469
57193
57192
57191
20753
20751
20755
53831
96709
42621
79800
45692
16862
90784
57517
57516
57515
57514
57513
57512
57511
57510
12301
90960
57519
54893
45850
54891
48572
54897
54895
33467
90731
45679
17732
57999
57998
21599
57992
46810
57996
70381
33439
54947
54949
54431
54433
54435
90650
54437
80346
54769
15892
48799
54761
54765
54764
54767
48792
05835
05831
57860
54707
48400
57868
39750
39752
79104
99451
99452
70499
54389
70497
54381
76386
76385
76383
76382
18730
15090
53605
54168
54365
54364
54367
54361
32300
03360
24221
09931
76708
76700
76707
76706
76705
47996
47992
91786
33794
47998
79256
79257
85881
76140
76413
06600
88378
06609
06608
91871
91875
03210
76890
15075
24401
27756
57271
79490
79491
