73469
73392
57928
57207
88714
51263
70475
51261
24711
19712
82191
82442
24719
19402
73261
12704
12706
57729
82222
82221
57720
57721
57722
57723
88398
21101
57291
57292
57293
57294
17651
17652
21106
36201
36207
80595
57614
57615
57616
57617
57610
57611
57612
57613
90827
57618
57619
80201
85320
98000
98009
96790
57479
95799
95796
95795
85359
95792
95791
95790
90796
90793
57185
57181
51301
16811
57500
57501
57050
57503
21295
57505
57506
57507
57508
57509
85437
48562
48563
48560
57980
54889
53601
45869
54885
48568
54887
09231
53608
27995
46866
70392
54953
70391
70397
21720
70398
85507
54423
85505
85050
70637
54779
15869
09050
54771
54777
54774
54775
57871
57874
48230
57878
57879
48412
48410
95771
57094
57095
36401
48095
70486
70484
54393
54395
54397
76390
54171
76394
57090
54177
79395
79397
54371
62241
62247
32301
33895
80695
62248
76719
33897
18630
67100
33111
33892
15441
33893
90743
03511
60463
33898
60462
76405
67211
76407
76887
76880
76888
51472
51471
03201
82050
85981
27760
27766
27765
80305
66501
66502
90981
90982
09107
88703
06100
82454
70643
82450
51271
57390
74950
82182
24701
85752
82185
12712
12713
12711
85753
82231
88385
21470
82989
19705
19700
19701
21112
21111
21114
90819
11754
06322
06323
11751
06321
80210
80211
90810
90817
90814
51101
82521
57408
57899
95785
96720
79821
21605
21602
21600
80104
36309
80100
80102
17653
80109
57958
57315
53611
42801
45878
76363
33441
57319
85601
45871
09221
17751
17752
05589
17756
45780
54969
80615
21732
18843
90943
54961
48310
48312
36835
90945
54415
54411
70650
70345
54987
70341
70340
15879
90946
57889
48130
48132
57881
57880
85770
95765
95762
95760
99431
18447
18441
80300
76365
54187
18712
54343
09911
09912
54347
27542
79384
03343
54349
85241
45895
45897
45891
90828
90829
45898
54745
33224
54743
54271
54741
33996
33998
03742
15451
90823
24392
24391
76379
54197
31201
18765
66400
06621
18764
27774
27775
03231
18767
54191
27779
51441
57204
15050
06820
57753
88950
27556
82415
39500
82421
82425
57487
82426
91850
91851
24311
91856
10701
19609
19608
19605
80180
19606
19600
10706
10705
12720
90977
27399
62381
27390
19770
82085
17635
21127
21126
21125
57275
21123
21122
21121
21120
90804
90801
36220
16720
90808
36225
11742
33331
11745
82889
82888
90709
57183
57418
85742
36720
57410
57417
57415
36722
32101
32103
60791
21630
85452
12100
36728
69190
62401
95680
57300
45864
45866
57096
21257
21256
21703
21701
21259
57098
57099
45790
45791
45796
45794
45795
33050
57502
54409
48300
09455
09106
09105
54403
09103
54405
09101
54407
09851
54997
54995
18549
18544
51715
15845
54999
90889
99400
48120
57895
57893
57890
57891
95753
95752
95750
05689
95758
15508
18431
33451
57834
33458
15600
53606
18760
76375
76372
76373
76370
76371
80823
85759
27555
48050
27557
54357
54351
54353
76772
76773
76771
45882
48564
76775
76779
45888
33231
54753
54757
03750
03751
03755
03756
18450
03534
76511
14741
15111
15113
85852
17997
17993
79285
79284
47835
47834
47836
95709
51451
51453
31105
31106
31107
79351
79350
47780
31108
88727
15599
54951
54957
82433
51050
90732
39390
19618
65201
19610
51901
73050
70451
57375
19760
57799
60499
57791
21131
57793
57240
57795
57794
57797
57796
85114
42799
90876
90879
51833
60250
45870
88050
06300
57641
85111
85112
82541
51121
21620
21621
99232
20863
20710
80495
17998
85442
90908
85444
90905
90904
90907
90901
33213
57332
57331
33211
57337
57334
14783
57339
48200
73499
18200
21241
39801
39800
42777
57424
57423
57422
21393
70101
09445
57429
70104
48440
85715
54219
45740
70365
70364
54215
48448
54211
54210
45842
96701
96700
54500
54502
09201
54507
54506
90729
69150
31101
76349
18779
96709
18777
53607
05410
05413
54323
54327
48592
57936
57931
57930
57933
48599
57939
57938
15855
15856
15851
15853
18390
15859
18396
79296
91835
79290
18370
17677
15100
33771
15589
76232
76230
76235
79504
79505
76239
76238
79503
33779
27711
36752
79346
16684
79345
79340
06800
85465
82399
88444
06799
24751
74901
85602
90959
19620
96778
88198
96779
76836
51481
51331
19752
19751
51332
17619
57788
57789
51801
57457
57782
57783
57781
57786
57787
57784
57785
80711
12050
17799
90869
57450
82571
12690
82371
98040
98041
98042
98043
98044
98045
21651
57352
45881
16362
57806
76710
17792
06200
90918
39250
90914
80621
80151
80150
57257
91809
32410
57328
57329
05771
57320
39810
18751
17400
57431
57433
57435
57437
12271
57439
48100
45753
45750
54207
09301
54203
09871
54201
79166
62337
95730
95733
90736
70201
90734
48210
54517
90730
70207
54519
18412
90739
03330
18980
18983
90940
09543
54333
54331
54337
57924
48589
76755
62590
15821
96783
80814
15482
18342
18345
18349
96782
80136
66307
36295
33894
76355
33896
47818
18741
76353
47812
47811
80812
79198
76221
15559
33467
79372
67325
67322
79374
06810
79400
66050
45983
73100
73101
82388
82389
82383
82385
19102
15312
82147
82142
82143
82416
82141
91889
91881
88181
57798
60301
76820
27100
36997
19748
51499
51329
51327
51811
57792
17603
17602
73325
57522
16597
90978
90979
21880
11791
27215
60050
96704
96707
96706
57139
90877
96703
96702
57135
57134
57137
57136
57131
57130
57133
57132
90878
90973
42377
90923
90920
90926
90925
90924
57521
57220
57225
90976
57227
57228
60398
85261
85484
85482
85480
57351
57350
57353
42101
17791
88111
57356
21260
54837
70160
60455
60450
60453
95712
33401
80523
42201
85765
70415
54239
45760
05897
62323
05899
09861
54231
85737
54237
70417
53788
48765
95729
54301
95720
24101
90702
90701
45614
03900
90704
11935
54831
54833
11930
54307
70414
54305
18995
54303
18993
18990
18991
54309
18614
05431
03301
39605
32201
54789
54783
54781
54787
54785
76783
76782
76781
76787
76786
76789
15128
54011
48711
27454
47800
47801
24351
47809
62102
24354
76320
76322
18756
69136
79230
17656
76270
15549
15494
15495
17899
79368
15491
17813
17695
45731
79410
57856
91872
51799
79162
82171
33650
82281
82280
57491
82289
57497
76818
06995
51311
51315
60201
60200
15384
60205
85706
90848
06426
42560
06423
06422
19799
82599
51171
82591
51777
51776
51771
51773
51779
27201
27202
96714
96715
96712
57128
57129
57126
30301
57125
57122
57123
57120
57121
90934
90935
90936
90937
90931
90932
90933
36350
90938
90939
06222
06221
80600
80605
57232
57233
57230
57231
57238
57349
46880
57347
36756
80514
12252
12251
82305
60422
60425
80280
91843
96719
45998
05331
80999
57338
80993
45775
09321
70311
45770
85744
06421
45997
95717
46954
95713
46950
95711
95710
46959
96840
95718
21690
11928
85100
90718
90719
09525
54827
90717
90710
11925
54821
54311
54315
54319
54797
54791
54793
57904
57907
57985
54799
54221
54223
36625
85811
85813
85812
09560
76794
76790
48705
54008
48700
90754
18322
33107
45974
96705
45971
66320
90757
76333
21320
76331
76334
88505
76245
80181
15579
66210
39447
47901
47900
47903
47902
47724
79420
47723
57420
27050
82161
82163
51781
51783
51785
70100
12411
79227
79226
79223
88220
57428
79228
57471
82291
15463
88898
85713
73495
15390
15200
76807
76800
76801
27499
54214
60210
42511
74401
57940
57941
57943
51763
51761
82344
82345
82343
79881
57118
57111
57947
57117
90941
57948
80616
90942
80610
90944
90947
45807
90949
90948
09217
60501
21997
57599
57598
57597
11682
96734
12799
27301
27302
12792
12793
12790
12791
57751
57750
12794
57752
69101
69102
69109
69108
57790
21201
09402
80501
80050
09401
60433
60430
60431
96708
60435
90893
80291
90891
90890
90895
90894
90899
90898
42735
90957
54497
54495
54494
62347
54491
88343
45701
45700
62348
95700
21441
95702
95703
95704
95705
95706
46941
99102
99103
99101
05631
46948
21050
11910
45732
54819
57374
90761
54811
90765
12331
12332
48240
33353
33350
03121
90723
09751
14785
18202
14781
14780
90818
90892
57973
57975
90728
54251
15819
33775
09331
54257
54259
15814
85804
33889
24331
15781
24332
48737
48736
15490
18331
79768
57804
45940
57801
57800
57803
47865
76494
76493
57808
76308
76307
76306
76305
76304
76303
76301
76300
76476
54105
54107
54101
15569
54103
03101
38101
39200
79307
79432
45742
24799
88905
24793
24791
12401
24797
24794
57306
79233
76271
79231
57404
57307
88317
51373
15212
15213
15211
51379
76870
76874
76876
27402
57691
88104
57831
42503
06400
42505
73372
76901
76900
76902
85198
12651
88222
12656
12655
51753
82331
82333
51201
82334
51203
79892
79893
79896
16897
16899
96735
96736
96737
96730
96731
96733
90952
90953
90950
90951
90956
73200
90954
90955
90958
51383
82241
82243
82242
57211
57213
57215
57217
21235
69112
69110
60150
60401
60400
57105
57100
57101
57103
90884
90885
90886
42721
85341
57109
90883
54483
54485
99130
45710
53590
62371
21301
21300
38455
60711
90887
54803
54809
85340
57360
57361
09509
53689
90770
90777
90775
05997
18231
70420
70421
14796
36495
57962
57963
57960
57961
57964
57965
80315
70332
80316
09344
09611
54245
33769
18523
24322
33445
48725
48726
48550
48722
76488
57817
82475
45958
45959
57810
76480
76481
45957
45951
45952
76487
76319
67505
67050
67501
76465
67271
76460
76461
76468
15519
54113
54111
03445
24492
57755
03442
79335
79332
15681
79338
15998
15997
15996
15990
79440
82102
82103
15355
82101
57757
24789
15359
76260
67475
79200
76265
79204
76269
91827
91821
91820
91822
95856
91828
88302
76868
76863
90778
27788
27780
73255
60230
76910
19679
51745
70122
51741
51211
19500
57733
21820
90969
90968
90967
90966
90965
90964
90963
90962
90961
90960
85221
80991
06250
57779
10910
57009
57008
80990
33341
60415
60418
42711
36707
36705
36701
57171
57173
11733
11732
85352
85353
80270
96811
96812
54475
33759
54477
05610
46961
46962
54871
90746
54873
33112
33115
96710
54877
60705
96711
09518
60701
60703
70520
12358
90986
57399
90980
42888
53690
80411
57391
42882
57393
57392
70459
33338
09990
70456
57957
30401
45818
45814
45816
45811
45810
57959
45812
80306
85392
09603
54909
85775
54279
45720
54277
33755
54273
53589
54903
88324
54727
33241
18315
18316
54050
88326
03050
54294
54297
54291
17642
62148
48752
76462
48756
18791
57825
18793
91804
18799
33761
18220
95830
80310
09347
76455
76101
76100
88329
54123
03438
54121
54127
54125
15500
03124
47936
14740
14745
79329
24261
15697
17850
47718
31401
47717
88421
82325
82135
82131
57608
76294
57981
79212
79213
91836
19448
91830
91831
95820
80512
76855
76853
76852
96784
88332
96787
96786
51425
51421
54341
51423
24443
24442
24441
95919
95918
19051
95915
95914
95917
95916
95911
95910
95913
95912
73352
73359
88205
12635
88752
73198
76922
76921
17654
57465
76925
76924
65101
51221
51227
51225
51224
80198
69175
32400
32401
90970
90971
90972
80644
90974
90975
60399
62390
88113
57766
88110
57760
57761
85219
57763
85213
12740
85211
95903
82261
10920
69134
69135
21785
69130
69131
57010
57011
17690
17692
17693
17694
57818
17697
17699
57492
42703
57496
42705
36711
57498
57499
33225
57163
57161
11721
80242
80241
96802
96800
96801
05600
05601
96804
96805
70194
96809
54461
21369
21499
20783
46911
46910
21366
90750
79857
33100
54861
33106
54867
33104
54865
90758
90759
16859
57386
33997
57384
57385
57382
57383
42896
57381
18493
09701
09700
70440
18499
90786
39650
39651
39652
39653
39654
39655
39656
39657
39658
39659
21762
67272
45730
54269
18819
54919
54261
54263
85781
54267
54737
54733
03738
54731
69160
54739
62400
48749
54281
24302
54289
45938
99460
45932
45933
27401
45937
80120
30101
45999
76446
15539
33124
39405
24491
14758
66250
14751
80992
05888
06721
16861
18100
82121
82122
82123
82337
21325
79268
51333
19750
79265
79267
76281
91803
91802
91801
91800
91807
31301
73500
46952
82878
76846
51348
19050
51341
51433
57996
95908
95909
95906
95907
95904
95905
95902
24451
95900
95901
73340
73435
82789
73347
17614
82780
82781
82783
88743
17617
88749
82303
82304
51231
51232
82492
51729
19452
51723
51721
51727
51725
60540
98039
98038
98035
98034
98037
98036
60387
80655
57711
57710
57713
57712
57715
57714
57717
12759
57719
57718
12755
12751
10930
82271
16995
16997
16990
57023
69140
57021
69142
11920
90699
88260
80255
85370
80251
57716
90711
96767
21801
11711
15354
21804
11716
96761
57155
11718
57621
57152
57151
96768
57875
54453
54451
96834
54457
21372
21373
46900
21371
20771
20770
21374
54859
54857
54851
33201
70509
70508
70507
70506
70505
70504
70503
70050
70501
70500
09718
18483
09711
09715
24050
24052
48793
45836
45835
36050
85794
85792
80321
15744
15740
57861
54705
54709
03700
33797
33796
33795
45900
33798
05813
05814
57847
05816
18240
70471
57868
79206
76439
03411
15529
24201
03380
47952
67390
47951
14720
62050
30201
79050
76050
06715
06713
57901
15415
15410
15411
88356
79272
79270
79271
88351
88352
85375
91811
91813
96762
42301
51409
51403
51407
51405
24421
95931
95930
48790
51399
36757
76383
12611
51241
51243
51711
96766
24730
39120
96763
95808
19550
73248
57702
57703
57700
57701
57706
57707
57705
57708
57709
57620
96769
82201
82203
82202
27357
69158
69159
21901
21900
57520
21902
69156
69157
69155
17678
17676
60110
17671
80221
96775
57140
57141
57142
57143
57144
91855
46936
21341
57451
53711
48340
57459
36198
20763
20760
33101
36461
60590
54841
79876
54843
60599
54847
10611
80681
57031
80135
70513
85413
45826
48500
45821
45822
45823
33499
45828
48232
62446
36996
21370
36995
57860
54445
54447
54441
54443
48760
48761
54718
54719
48767
48768
54711
15889
54713
45911
33788
45915
38060
33785
62190
33783
57858
57859
79113
57857
70460
33301
09725
09723
09722
18905
18901
18903
03401
18050
18729
17801
17803
17802
33131
54153
54151
14732
27511
03711
06700
06703
06705
15398
15393
15391
15462
15395
15394
79243
79241
70502
48452
88341
88345
91865
18482
91866
14849
95924
95925
95926
95927
95920
95921
95922
95923
95928
95929
27742
47747
47746
88900
47741
06900
51385
70371
82323
12600
51701
27299
51251
19430
95814
95815
24721
95818
51743
17710
79201
57127
74801
98013
98011
73251
60361
57737
06050
57731
57273
36217
60103
60101
60104
85310
90835
82505
96789
96788
82501
57603
57602
57601
57600
96781
96780
57605
57604
57463
46921
46923
57467
21355
46926
21357
57469
57193
57192
57191
20753
20751
20755
53831
42621
90737
90782
45692
16862
90784
57517
57516
57515
57514
57513
57512
57511
57510
12301
57519
57518
54893
45850
54891
48572
54897
48574
54895
54899
90731
45679
57998
42501
21599
57992
57991
62455
46810
62453
62450
70381
54947
54949
54431
54433
90650
54437
80344
54769
54703
48799
54761
54765
54764
54767
48792
57865
05832
05831
05830
48400
09801
79104
99451
99452
70499
54389
70495
70497
36149
54381
76387
76386
54165
33516
18732
76382
18730
15090
53605
54365
54364
54367
54361
54369
03360
24221
27560
09931
76700
76707
76706
76705
47996
47994
47993
33794
47998
76099
79251
79255
79256
79257
85881
76142
76410
76418
06600
36749
88378
06609
06608
91871
91875
03210
57923
15075
24401
27756
57271
54163
79490
79491
