73469
73392
57928
57207
88714
51263
51261
82198
24711
19712
82191
82441
39100
39101
73261
32300
92894
92896
92891
12704
12706
92899
60356
57729
82222
82221
57720
57721
57722
57723
88399
88398
21101
57291
57292
57293
57294
17651
17652
21106
36201
36207
80595
57614
57615
57616
57617
57610
57611
57612
57613
90827
90824
57618
57619
80201
85320
82531
98000
96790
10708
57479
95799
95796
10701
85359
57471
95791
95790
90796
57189
90793
57185
57181
51301
16811
57500
57501
57050
57503
21295
57505
57506
57507
57508
57509
53607
48563
53605
57987
57980
54889
53601
48565
54885
48568
18450
70240
73499
27995
46866
54953
70391
70397
21720
85507
54423
85505
85050
54425
70637
54779
48788
48789
48786
48787
54771
15712
54774
15862
57871
57874
48230
57878
57879
48412
48410
95771
57094
19402
57095
36401
70488
48095
70486
70484
54393
54395
70481
76390
54171
76393
76394
57090
54177
79395
54371
33213
18747
62241
62247
32301
76355
80695
76719
33897
18630
67100
33111
33892
15441
60467
33112
90743
33211
03511
85759
60462
85121
67211
76884
06610
76887
76880
92892
76888
51472
51471
03201
82050
85981
27760
27766
27765
66501
66502
90981
90982
73476
09107
09106
88703
06100
82456
88499
82450
51271
54405
91845
74950
82182
82186
24701
73270
60347
60340
12712
12713
12711
92882
92883
92880
92881
92889
82231
88385
88381
82989
19705
19706
19700
19702
21112
21111
21114
19655
82345
90819
11754
06322
06323
11751
06321
80210
80211
90810
90817
90814
51101
82521
57408
17655
57899
57404
96720
79821
21605
85198
21603
21600
36309
80100
80102
17653
80108
57959
57958
57315
42801
45878
45876
33441
67320
57319
85601
33445
48550
17751
17752
05589
18849
54969
90940
21732
18843
90943
54961
48310
48312
48315
90945
54415
54413
54411
70650
70345
54987
70341
70340
15874
90946
15873
57889
48130
48132
57881
57880
57883
95765
95762
95760
99431
80305
80300
76365
76364
54187
76366
76363
54343
09911
09912
54347
80813
03343
54349
85241
45895
45897
45891
90828
90829
54745
18623
54743
54271
54741
33996
33998
03743
03742
15451
15453
90823
24392
24391
24390
76379
79356
54197
31201
18765
06621
18764
27774
27775
03231
54191
57757
51441
57204
15050
06820
57753
27555
27556
82415
45864
82425
57487
91850
91855
91856
91857
19608
47849
19605
80180
51911
19600
10705
12725
12720
57825
27399
76775
27390
19770
82085
17635
21127
60486
17638
57275
21123
21122
21121
47845
51829
62227
36220
16720
90808
36225
11742
11743
33331
11746
90799
98062
98063
82889
98061
90709
57183
57418
85742
36720
57410
57417
57415
36722
32101
32100
32103
16830
60791
85450
12100
69190
62401
45869
57300
45863
09217
45866
57096
21257
21256
21701
60660
21259
57098
57099
45790
45791
45794
45795
33050
57502
54409
48300
85438
09455
54401
09105
70643
09103
09102
09101
54407
09851
54997
15849
54995
70350
18544
18899
51715
15845
54999
99400
48120
57895
57893
57890
57891
95753
03439
95750
05688
05689
95758
15508
18431
33451
57834
33458
15600
03350
53606
96819
18760
76375
76372
76373
76370
76371
80821
80820
54359
48050
54357
54351
54353
76772
76773
76771
45882
45883
45880
45881
76779
45888
33231
54753
54757
03750
03751
03755
24730
03534
09231
76511
85855
53608
15111
15113
17997
95700
24384
79326
79280
79287
17999
79284
47838
47835
47834
47836
95709
51451
17998
79355
31105
31106
31107
79351
31101
47780
31108
17606
15599
54951
54957
82433
51050
90732
39390
19618
65201
19610
51901
73050
70451
57375
19760
57799
60499
57791
21131
57793
57240
57795
57794
57797
57796
42799
51833
60250
51835
90961
88050
06300
57641
98059
98057
82541
51121
21620
21621
99230
99231
99234
20863
16823
80495
85442
90908
85444
90905
90907
90901
09050
46851
57331
57330
57337
57334
14783
57339
48200
54777
93806
18200
21241
54775
39801
39800
42777
57424
57423
57422
21393
70101
09445
57429
57428
96705
48443
54219
45740
70365
70364
54215
54214
54211
18551
99410
96701
96703
90725
54500
54502
09201
54507
90729
69150
79350
33889
21902
18712
96709
76347
96708
54329
05410
05413
54323
57936
57931
57930
57933
85765
48599
57939
57938
15854
15856
15853
18390
15859
18396
17677
15105
79299
15100
33770
47824
15589
79504
79505
76239
79503
33779
27711
36752
79346
16684
79345
54397
06800
88280
82399
06799
24751
24759
74901
90726
85602
19623
19622
19620
96778
88198
96779
76835
24331
76831
15781
76839
76838
57846
51337
51331
19752
19751
51332
57788
57789
51801
57457
57782
57783
57781
57786
57787
57784
57785
12050
90861
90867
88060
17799
90868
21341
82571
12690
82371
98040
98042
21651
57352
85382
16362
57806
42300
06200
90918
39250
27797
57254
57257
91809
32410
57328
57329
05771
57320
57808
93811
39810
96784
57431
57433
57435
57437
12271
57439
48452
45753
45750
54207
09301
54203
09871
54201
76303
95733
95732
21476
90736
70201
90734
48210
54517
70207
18417
18416
54519
18412
90739
03330
18980
18983
09543
54339
54333
54331
54337
57923
76754
76755
62590
15821
15823
15829
96783
15482
18342
18345
18349
96782
80136
66307
36295
62119
76354
18746
33896
47818
18741
33893
47812
47811
33898
79198
76221
15559
27721
33467
79372
67325
09861
06810
79379
79400
66050
73100
73101
82388
82389
80050
82383
82385
19102
15312
82147
82142
82143
82141
91889
51225
88181
57798
60301
33224
27100
17607
51499
57790
51327
16200
51811
57792
17603
17602
73325
57522
16597
90855
90978
90979
21880
11791
19631
27215
60050
96704
96707
96706
57139
96700
21860
96702
57135
57134
57137
57136
57131
57130
57133
57132
42377
90923
90920
85465
90925
90924
57521
57220
57225
90976
57227
57228
85261
85484
85482
85480
57351
57350
57353
42101
17791
57356
93821
93826
21260
54837
70160
60450
60451
60453
46980
54521
03871
80520
80521
42201
42200
42202
70415
54239
45760
85738
05899
14830
54231
54237
62329
53788
48765
95729
54301
33398
95722
95720
24101
90702
90701
54839
03900
90704
11935
90708
54831
54833
11930
54307
70414
54305
18995
54303
18993
18990
18991
03301
05432
05431
05430
54309
38709
90731
39605
27421
32201
54789
54783
54781
54787
54785
76783
76782
76781
76786
76789
15128
54011
48711
27454
47800
47801
24351
62102
24354
18751
18756
69136
76271
17656
21120
76270
92885
27733
15549
17899
15495
17898
17693
15490
15491
79367
17695
45731
79410
57856
91872
93761
51799
82171
82281
82280
57491
57497
76811
76815
06995
51311
51315
60201
60200
15384
60202
60205
18724
90848
06426
42560
06423
06422
19799
82599
51171
82591
51776
51771
82358
51779
27201
27202
96714
96715
96712
96713
57128
57129
57126
57127
57125
57122
57123
57120
57121
90934
90935
90936
90937
90931
90932
90933
36350
90938
90939
06222
06221
80600
80605
57232
57233
57230
57231
57234
85251
57349
57332
46880
57347
48570
93831
36756
36757
80513
12252
12251
82305
60422
60425
60427
96719
42747
45998
05331
80999
57338
62356
45990
45775
09321
70311
45770
85744
06421
45997
95717
95716
95715
95713
46950
95710
46959
96840
95718
21690
11928
85100
90718
90719
11920
90717
90710
11925
54821
09745
54311
54315
54319
54797
54791
57904
57907
57985
57901
54221
54223
36625
85811
85812
76794
57986
76790
76793
48705
54008
48700
18322
33107
92886
45974
47877
45971
66320
48499
76332
76330
42501
76337
76334
76335
79792
76246
88505
76245
96769
15579
66210
39447
79319
91718
96768
47900
47902
47724
79420
47723
57420
93711
27050
82161
93716
57390
51787
70100
12411
79227
79226
79223
79222
82291
82296
15463
88898
73495
73497
15200
70417
45742
76800
76801
27499
60210
27796
42511
74401
57941
57943
51763
51761
82344
39654
82342
39655
79881
17621
57118
57111
57947
57117
90941
57948
80616
90942
80610
90944
90947
45807
90949
90948
16311
21997
57599
57598
57597
11682
96734
12799
27301
12792
12793
12790
12791
57751
57750
12794
57752
69101
69102
69109
69108
93849
21201
93847
09402
80501
60438
09401
60433
60434
80291
42735
90957
54497
54495
54494
62347
54491
88343
45701
45700
62348
85754
48399
21441
95702
95703
95704
95705
95706
46941
99102
99103
99101
05631
05630
46948
90959
11910
90768
54819
57374
90761
54811
12331
12332
48240
33350
03121
70436
14787
14785
18202
14781
14780
90818
57973
57975
90728
54251
15819
33775
09331
54257
54259
85782
15814
85803
85804
48733
48732
24332
48736
18331
57804
45940
57801
57800
57803
47865
45949
76494
76492
79168
76308
76307
76306
76305
76304
79162
76301
76300
54105
54107
54101
15569
54103
03101
14764
14766
14761
38101
39200
79308
93701
24799
88905
24793
24791
12401
24797
24794
57306
76274
79230
79231
88900
95849
57307
67475
15212
15213
15211
51379
76870
76874
27402
39278
39279
57831
06400
42505
73371
12659
76901
76900
76902
88220
12651
88222
82331
82333
51201
82334
51203
79892
79893
79896
16897
16899
96735
96736
96737
96730
96731
96733
90952
90953
90950
90951
90956
73200
90954
90955
90958
21050
42347
82241
82243
82242
57211
57213
57215
57217
21235
69112
69110
60150
60401
60400
57105
57100
57101
57103
42721
85341
57109
54483
54485
99130
45710
53590
62371
21301
21300
38455
60711
54807
54803
54809
85340
57360
57361
09509
57364
53689
90772
90770
90777
05997
70424
18231
70420
70421
14796
15390
36495
57962
57963
57960
57961
57964
57965
09341
70332
80316
09344
09611
54245
33769
18300
24322
48729
48725
48726
09221
48722
76488
57817
82475
62390
57810
76480
76481
45957
45950
45951
45952
76487
76319
67505
67050
67501
76466
76465
76462
76460
67272
15519
54113
54111
03445
24492
57450
03442
38111
17848
15681
15998
15997
15996
15990
45780
79440
79443
82102
82103
15355
15354
15421
80622
24789
15195
76260
79202
79201
79200
79207
76265
79204
76269
91600
91821
91820
91822
95856
95850
91828
66490
88302
90778
27788
27780
73255
60230
76910
51745
70122
51741
80992
51211
19500
57733
21820
48760
90969
90968
90967
90966
90965
90964
90963
90962
57994
19699
85221
80991
06250
42400
57779
10910
27324
57774
99347
57009
57008
80990
69129
33341
60415
60418
53900
42711
36707
36705
36701
57171
57173
11733
11732
80276
85354
85355
80270
96811
96812
96815
96814
54475
33759
54477
05610
21715
46961
46962
54871
54873
09517
33115
96710
54877
60705
96711
09518
60701
60703
70520
12358
90986
57399
90980
42888
53690
36835
57391
42882
57393
57392
33338
09990
70455
70456
57957
30401
45814
45816
45811
45810
45813
45812
85770
09603
85775
54279
54277
33755
54273
53589
54903
14345
33241
14342
54050
88326
03050
62141
54297
54291
57386
39500
48752
48755
24311
48756
18795
18791
18792
62381
47840
18799
33761
18220
95830
80310
09347
76101
76100
88329
54123
54121
54125
15502
15500
15501
03125
03124
14741
14740
14745
79328
24261
15697
17850
31401
47713
82135
82131
57608
76294
76296
57981
96788
95828
91835
95820
82501
95825
96785
76852
76850
96787
96786
51429
51425
51421
54341
51423
24443
24442
24441
95919
95918
19051
95915
95914
95917
95916
95911
95910
95913
95912
73425
82790
73352
73422
73359
88205
12635
88202
73198
76922
76921
17654
76925
76924
65101
51221
51227
51737
80198
69175
32400
79876
32401
90970
90971
90972
90973
90974
90975
60399
90977
88111
57761
85219
57763
12744
12741
12740
85211
24451
82261
10920
69134
69135
21785
69130
69131
57010
57011
17690
95752
17694
57818
17697
17699
57492
42702
42703
57496
42705
36711
57498
57499
33225
33401
57163
57161
11721
80242
80241
96802
96800
96801
05600
05601
96804
96805
70194
96808
96809
54461
21369
21499
20783
21366
90750
09560
33100
54861
33106
54867
33104
54865
90758
90759
90782
42890
33997
57384
57385
57382
57383
42896
57381
09708
76508
09701
09700
70440
18499
16861
57940
39651
39652
39653
48298
48299
39656
39657
39658
39659
21762
45730
54269
54919
54261
54263
85781
54267
54737
54733
54731
69160
54739
62400
48749
54281
24302
54289
45938
45932
45933
27401
45937
03601
33894
30101
47892
80994
47890
45999
48573
15539
33124
90766
39405
24491
48575
33895
47940
14758
27533
66250
14750
14751
80993
45991
05888
06721
18100
82121
82122
82123
82337
21325
46954
51330
79269
19750
95712
91803
91802
91801
91800
91807
31301
73500
46952
95836
82878
51348
19050
51341
51435
51433
57996
17610
95908
95909
95906
95907
95904
95905
95902
95903
95900
95901
82788
82789
73347
17614
82780
82783
88743
17617
67271
88748
88749
82303
82304
51231
51232
51729
19452
51723
51721
51727
51725
60540
98038
80656
57711
57710
57691
57712
57715
57714
57717
57716
57719
57718
12755
12751
10930
82271
16995
16997
16990
57023
69140
57021
57020
57713
90699
88260
85375
80256
80250
80258
90711
21800
88104
11711
82101
21804
11716
96761
57155
11718
57621
57152
57151
57622
27594
57875
96838
54453
54451
96834
54457
21373
21370
21371
20771
15295
54859
54857
54855
54851
33201
70509
70508
70507
70506
70505
70504
70503
70502
70501
70500
09718
18483
09711
09717
09715
24050
24052
48793
54233
45836
45835
57865
36050
85794
80322
54703
54707
57861
48771
48770
54709
03700
45906
33797
33796
33795
45900
33798
05810
05813
05812
05814
57847
05816
18240
70474
76439
69142
03411
76431
15529
76435
21320
24201
17870
03380
47952
67390
47951
47957
14720
62050
30201
88950
79050
76050
06713
15415
15410
15411
15412
15413
79270
88351
88352
88357
88358
91811
96762
85370
42301
51409
51403
15251
51407
51405
24421
95931
95930
24424
48790
51399
76383
80150
12611
51241
96767
51243
51711
96766
96765
95806
96764
19424
39120
19426
96763
24739
95808
19550
73248
60375
60371
57702
57703
57700
57701
57706
57707
57705
57708
57709
57620
57623
82201
10940
82203
82202
27357
69158
69159
21901
21900
57520
93895
69156
69155
17678
17676
60110
17674
17671
80220
80222
96839
96770
96772
96773
96774
96775
96777
57140
57141
57142
57143
57144
57145
46936
48348
96820
48344
53711
48340
57459
36198
20763
20760
33101
16871
36461
60590
54841
09545
54843
60599
10611
57031
70513
85413
45826
48500
45821
45822
45823
33499
45828
18470
17702
17701
48232
62446
36996
36997
36995
18879
54939
54445
54447
54441
54443
15887
48761
54718
54719
48767
48768
54711
54713
45911
33788
45915
38060
33785
62190
33783
57858
57859
79113
57857
70460
33301
33650
18905
18901
18903
03401
18723
18050
30301
17801
33131
54153
54151
62260
14732
14730
27511
14734
03714
03711
76734
06708
06700
06703
06705
15398
15393
15391
15462
15464
15395
79243
79241
79249
70050
48100
88341
88345
91865
18482
14849
95924
95925
95926
95927
95920
95921
95922
95923
95928
95929
47746
47743
47741
14845
06905
06900
51387
32200
70371
82323
12600
51701
27299
51251
95810
19430
95814
95815
24721
95818
82325
17710
74801
98012
98011
73251
60361
57737
06050
57731
21126
16464
99305
57273
16264
36217
17643
60101
60104
80230
90835
90834
90831
90830
82505
96789
85310
95730
57603
57602
57601
57600
96781
96780
57605
57604
57463
46921
46923
57467
21355
57465
21357
57469
57193
57192
57191
20753
20751
20755
53831
42621
90737
79800
16860
90786
16862
90784
57517
57516
57515
57514
57513
57512
57511
57510
12301
90960
57519
57518
54893
45850
54891
48572
54897
54895
48576
48578
54899
18418
57999
57998
21599
57992
57991
62455
62452
62453
62450
62451
70381
54947
54949
54431
54433
54439
80340
80346
54769
15891
15892
54761
48797
82163
54765
54764
54767
48792
05835
57864
05832
05831
57860
48400
57868
54705
79104
98060
99452
70499
70498
54389
70495
36149
54381
76386
54165
33516
18732
76382
18730
15090
54365
54364
54367
54361
03360
24221
27560
09931
76708
76700
76707
76706
76705
47996
33794
47998
76099
79250
79253
79255
79256
79257
85881
76415
76144
76411
06600
36749
88379
88378
06609
06608
91871
03210
76892
15075
24401
27756
57271
54163
79490
79491
