73469
16831
96782
19713
73392
57928
57207
88714
51265
51263
51261
82198
24711
92879
92878
82191
39100
39101
73261
32300
92897
92891
12704
12706
57729
88391
82222
82221
57720
57721
57722
57723
88399
88398
21101
57291
57292
57293
57294
17651
17652
21106
36201
36207
80595
57614
57615
57616
57617
57610
57611
57612
57613
90827
57618
57619
85320
57306
82531
98000
11762
96794
96795
57161
96790
96791
10708
57479
95799
95796
10701
57471
95791
95790
90796
57189
90793
57185
57180
57181
51301
16811
64450
46640
57050
57503
21295
57505
57506
57507
57508
57509
53607
48563
53605
57987
57980
54889
48564
53600
54885
48568
54887
09231
76801
27995
46861
46863
54953
70391
70397
18859
21720
21724
18850
85507
54423
85505
85050
70637
54779
15869
48788
48786
09050
54771
15712
15862
82443
57874
48230
57878
57879
48412
48410
95771
19403
57094
57095
36401
48095
70484
54393
54395
70480
70481
76390
54171
76394
54175
54177
79392
79395
14715
79397
54371
14718
14719
33213
62241
62247
33895
80695
76719
33897
18630
67100
33111
33892
15441
45791
90743
03511
33898
85121
67211
18748
76885
76887
76880
88360
06619
76888
09519
51472
51470
51471
51477
03201
82050
51479
85981
27766
27765
27764
66501
66502
90981
90982
09107
09106
88703
06100
88390
82455
88499
82450
51271
57390
92868
91845
82189
74950
82186
85752
92867
73270
09851
12712
12713
92884
12711
92880
92881
82231
88385
88383
88381
82989
19705
19706
19700
19701
19702
21112
21111
21114
19655
82345
64590
90819
11754
06322
06323
11751
06321
80210
80212
90810
90817
90814
98071
98073
98075
98074
98077
51101
98079
98078
82343
82521
57408
11910
95782
57899
95785
96720
21605
85198
21603
21600
80104
36309
80100
80102
17653
57958
57315
53615
42801
76363
45876
33441
57319
85601
33445
48550
17751
17750
17752
05589
18848
45780
45785
54969
90940
21732
18843
90943
54961
48312
48315
90945
54415
54413
54411
70650
70345
54987
70341
70340
90946
57889
48130
48132
53500
57880
85770
95765
95762
95763
95760
80305
80300
76365
18715
54187
76361
18712
54343
09911
09912
80815
54347
27542
79384
03343
54349
79389
85241
45895
45894
45891
02701
54745
18623
54743
54271
54741
33996
33998
03743
03742
15451
90823
03439
98004
24392
24391
24390
02900
54197
31201
76217
76211
18765
18764
27774
27775
03231
18767
15295
57757
51441
57204
15050
98009
06820
57753
27555
27556
82415
82425
91850
24311
91856
91857
19605
80180
51911
19600
10705
80310
12725
12723
12722
12721
12720
57825
27399
76775
27390
19770
17635
21127
21126
17638
57275
21123
21122
64100
21120
51829
90807
36220
16720
36225
11742
33331
11745
11746
33231
80771
98063
82889
82888
98066
90709
57183
57418
85742
36720
57410
57417
57415
36722
32101
32100
32103
03751
60791
21630
17290
85452
80150
12100
57462
36728
69190
42321
62401
62400
57303
57300
45863
09217
45866
57096
21257
21256
21702
21701
21259
57098
57099
60465
57500
45790
60466
60463
60462
33050
60468
54409
48300
85438
09455
54401
09105
70643
09103
54405
09101
54407
14642
54997
15849
54995
69176
70350
14645
18545
18544
15845
54999
99151
99400
48120
57895
57893
57890
57891
95753
95752
95750
05688
05689
95758
18431
33451
57834
33458
15600
03350
53606
96819
18760
54194
76375
76372
76373
76370
54191
80820
54359
48050
54357
54351
54353
76772
76773
45884
45882
45880
45881
45888
54751
54753
54757
03750
54759
03755
24730
76511
67307
85855
53608
15111
15113
17997
95700
79289
24384
21441
79280
17999
17998
47838
15599
47834
47836
99102
95709
51451
79355
31105
31106
79356
31101
79352
47780
79359
88727
17606
47835
54951
54957
82433
51050
93751
90732
39390
65201
19610
73050
70451
57375
19760
57799
60499
16731
57703
57791
21131
57793
57240
57795
57794
57797
57796
90873
90874
42799
90876
51833
16221
60250
82891
90961
88050
57705
06300
57641
80471
54815
82541
51121
99238
21620
21621
99233
99235
20863
99237
16823
80495
85442
90908
85444
90905
90907
90901
54773
42312
46851
57331
33211
57337
57334
57339
48200
54777
46694
46692
46693
10940
54775
39801
93808
16735
57871
57424
57423
57422
21393
70101
09445
57429
57428
85717
54219
45740
70365
70364
54215
54211
54213
18551
99410
96701
96700
96703
54500
31107
09201
54507
90729
69150
79350
33889
93895
96709
18771
76347
18777
76344
54329
05410
05413
54323
57936
57931
57930
57933
85765
31108
48599
76744
57939
62237
15855
15856
15857
15852
15853
18390
18396
79290
79291
17677
15105
15100
79727
15819
33775
15589
09331
14811
76235
79504
79505
76239
79503
27712
33779
36752
79346
54397
66220
06800
76391
73111
73112
11344
82399
82397
06799
24751
82407
24759
74901
90726
85602
19623
19622
19620
96778
88198
96779
57634
48733
76837
76836
76831
76832
57632
76839
57633
51483
51337
85261
51331
19752
19751
51332
17619
57788
57789
51801
57457
57782
57783
57780
57781
57786
57787
57784
57785
80711
12050
88060
17799
90868
48738
21341
82571
12690
82377
82371
98042
21651
57352
85380
16362
47861
42300
06200
90918
95911
27797
57257
32411
57253
32410
45948
57328
57329
05771
57320
93813
93811
91808
64300
64301
39810
73420
60446
60449
57431
57433
57435
57437
12271
57439
48100
45752
45750
54207
09301
70371
09871
54201
88757
21476
90736
70201
48210
54517
90730
70207
18416
54519
18412
90738
90739
03330
18980
18983
33124
54339
54333
54331
54337
42431
48588
57923
36749
62590
15821
15829
96783
15482
15486
18342
18345
18348
66307
36295
33894
18746
33896
47818
18741
33893
47812
47811
47817
79198
15559
27721
54109
21902
79372
67325
79377
67320
06810
79400
66050
73100
73101
82388
82389
82383
82385
19102
15312
82410
82142
82143
82141
91889
02702
88181
57798
60301
33224
76823
27100
51499
57790
51327
51811
57792
17602
57522
16597
82561
90979
21880
11791
19635
27211
19631
27215
60050
96704
96707
96706
57139
90877
21860
96702
57135
57134
57137
57136
57131
57130
57133
57132
09835
90878
16684
90920
90925
57521
57220
57225
90976
57227
57228
54441
85484
85482
85480
57351
57350
57353
42101
17791
57356
93821
93826
21260
11935
70160
60453
42752
46980
33401
03871
80520
42201
42200
42203
42202
62325
54239
45760
85738
05899
09861
54231
54237
70417
57769
53788
48765
95729
54301
95722
95720
24101
57806
90702
90701
54839
03900
90705
54837
54831
54833
11930
54307
70414
54305
18995
54303
18990
18991
03301
18614
05432
05431
54309
38709
39605
27421
57919
32201
54789
54783
33788
54781
54787
54785
76783
76782
76781
76786
76785
76784
76789
15128
54011
48711
47805
47800
47801
24351
62102
18751
18756
69136
17656
76270
27733
15549
15495
17899
15491
79413
79410
57856
91872
93766
51799
82171
33650
73002
73001
82281
82280
82289
57496
06995
51311
60201
60200
15384
60205
85706
90848
73310
06421
06423
06422
19799
82599
51171
15123
82591
51777
51776
51771
27201
27202
96714
96715
57698
57699
57128
57129
57126
57127
57696
57125
57122
57123
57120
57121
90934
90935
90936
90937
90931
90932
90933
36350
90938
90939
06222
06221
80600
80606
80605
57232
57233
57230
57231
57234
57349
57332
80198
57347
93834
48570
93831
80516
80515
36757
12252
12251
82305
60420
17770
76834
91843
96719
42747
45998
05331
80999
57338
27454
45990
45991
09321
70311
45770
85744
45997
95717
95716
95715
95713
46950
95710
96846
96845
96843
96840
95718
21690
93807
11928
85100
90718
90719
09525
54827
24703
90710
11925
54821
54311
54313
54315
54317
54319
21241
57938
54797
54791
57904
57907
57985
57901
39800
54221
54223
36625
85811
90750
85812
09560
76794
57986
76790
76791
48705
54008
48700
18322
33107
92886
45974
45975
90756
96705
45971
66320
45979
42501
76335
88505
76245
96769
15579
57981
39447
96768
47904
47900
47903
47724
47727
79420
79427
47723
57420
93711
27050
82161
93716
51783
51785
70100
12411
70415
79227
79221
79223
82291
82299
15463
88898
73495
73497
15200
45742
76800
73499
27499
15395
92892
60210
27796
74401
57941
51765
51763
51761
39654
82342
39655
79881
16891
57118
57111
57947
57117
90941
57948
80616
90942
80610
90944
90947
45807
90949
90948
21997
57599
57598
57597
42426
11682
96734
12799
27301
12792
12793
12790
12791
57751
57750
12794
57752
69101
69102
69109
69108
93849
21201
93847
09402
80501
80050
09401
60433
60430
96708
90950
60434
80291
42731
90957
54497
54495
54493
62347
54491
45701
45700
62348
85754
48399
48398
95702
95703
95704
95705
95706
46941
62588
99103
99101
05631
46948
90959
45731
90768
54819
57374
90761
54811
12331
12332
48240
33353
33350
18202
18200
57973
57975
90728
54251
18513
14815
14814
14813
14812
54257
14810
54259
15814
85806
85804
15780
15781
15782
24332
48736
18331
57804
45940
57801
57800
57803
76494
57809
57808
57501
02730
76307
76306
76305
76304
76303
76301
76300
76476
57090
98076
54105
54107
54101
15569
54103
03101
14761
38101
95923
79302
27325
93701
24799
88905
24793
24791
12401
24797
24795
24794
79237
79234
76274
76272
76271
79231
95843
95842
57404
15212
15213
15211
76870
76874
76876
27402
57691
57831
06400
42504
95860
12659
76901
76900
76902
88220
12651
88222
82331
82333
51201
82334
51203
79892
79893
79896
16897
16899
96735
96736
96737
96730
96731
96733
90952
90953
57622
90951
90956
73200
90954
90955
90958
21050
42341
42347
82241
82243
82242
57211
57213
57215
57217
21235
69112
69110
60150
60401
60400
93852
93851
57105
57100
57101
57103
42721
85341
57109
54483
54485
99130
54489
45710
53590
27299
62371
21301
21300
38455
60711
54803
57502
54808
54809
85340
57360
57361
09509
57364
53689
90772
57369
90770
90777
05997
70424
18231
70420
70421
15390
53616
57962
57963
57960
54487
57964
57965
70332
80316
09344
09611
54245
33769
18650
18300
24322
48728
48729
48726
09221
48722
76488
57817
62390
57810
76480
76481
45950
45951
45952
76487
76319
79159
76310
67505
67050
76466
76465
67271
76460
76461
15519
54111
03445
24492
57755
57450
03442
14774
14775
17848
15681
15998
15997
15996
15990
82102
82103
15355
15354
15421
24789
76260
76261
67475
06426
79207
79206
79205
79204
76269
91600
91821
91820
91822
95856
95851
88302
15221
76863
90778
27788
27780
73148
36495
60230
90773
76910
51745
70122
51741
80992
51211
19500
57733
21820
90969
90968
90967
90966
90965
90964
90963
90962
57994
19699
85221
80991
06250
42400
57779
57778
10910
57777
57776
57774
93867
93866
57009
57008
93861
69129
33341
60415
60417
60418
53900
57480
42712
57487
36707
36705
36701
57171
57173
11733
11732
85354
85355
80270
96811
96812
96815
96814
54475
33759
54477
96712
05610
46961
46962
96713
54871
54873
33112
33115
96710
54877
60705
96711
09518
60701
60703
70520
12358
90986
57399
90980
42888
53690
36835
80411
57391
42882
57393
57392
33338
57697
09990
70455
70456
57957
30401
45814
45816
45811
45810
57959
45812
80306
09603
09604
85775
54279
54277
33755
54273
53589
54903
54727
57961
33241
54050
88326
03050
88280
62141
54297
54291
57386
39500
48752
76462
18795
18792
62381
18799
33761
18220
17644
95830
54247
76451
95831
09347
76101
76100
88329
54123
54121
54125
15502
03121
15501
15504
03124
79320
79321
14741
14740
79326
24261
15697
17850
47718
31401
88421
47713
82135
82133
82131
57608
76294
76296
79212
96788
95829
95828
91835
95820
95822
95824
96785
76852
76851
96784
96787
90978
80816
96786
51429
51425
51421
54341
51423
24443
24442
24441
95919
95918
19051
95915
95914
95917
95916
39250
95910
95913
95912
57463
73352
73422
73428
73359
88205
12635
88202
88759
73198
76922
76921
17654
76925
76924
57464
65101
51229
51227
69175
32400
60391
90970
90971
90972
90973
90974
90975
60399
90977
88111
88110
57761
85219
57763
12744
12741
12740
85211
24451
82261
10920
45955
93871
17450
69134
69135
21785
69130
69131
57010
76485
17690
57818
17697
17699
42702
57491
42704
57497
36711
57498
57499
33225
57163
11725
11721
80242
80241
80246
96802
96800
96801
05600
33997
96804
96805
70194
96808
96809
36756
54461
21369
20783
46911
99241
79856
54863
33100
54861
33106
54867
33104
54865
90758
16859
90782
42890
57384
57385
57382
57383
42896
57381
18496
18493
76508
09701
09700
70440
09705
18499
16861
57940
39651
39652
39653
48298
48299
39656
39657
39658
39659
67272
45730
54269
18819
54919
54263
85781
85780
54267
54737
54733
54731
69160
54739
48749
54281
24302
48746
54289
45938
45932
57881
27401
45937
03601
30101
47892
80994
47890
47896
45999
47899
90747
15539
90766
24491
27533
33467
14756
80993
45775
05888
47768
80990
47761
18100
82499
82121
82123
82337
21325
51330
79268
79263
19750
79265
79267
95712
91803
91802
91801
91800
91807
31301
95833
73500
46952
95836
82878
19050
51341
51433
57996
17610
92980
95908
95909
95906
95907
95904
95905
95902
95903
95900
95901
73435
82789
17614
82780
82783
88743
82303
82304
51231
51232
51729
92821
19452
51723
51721
51725
60540
98038
98037
60388
80656
57711
57710
57713
57712
57715
57714
57717
57716
57719
57718
12755
12751
10935
10930
82271
82273
16995
16996
16997
16990
46616
69140
93887
57020
46612
33770
11920
90699
17667
88260
85375
80256
90717
80250
27312
80258
90711
96767
88104
11711
82101
21804
11716
96761
57624
57155
57621
57152
57151
57150
57875
96838
54453
54451
96834
54457
21373
21370
99252
54859
54857
54856
54851
33201
15290
70509
70508
70507
70506
70505
70504
70503
70050
70501
70500
09718
09719
09711
24050
24052
48793
45833
45832
54233
45830
45837
45836
45835
48514
08711
08710
08712
08717
57865
36050
85794
54703
57861
54705
48770
54709
03700
45906
45903
33796
33795
45900
33798
45908
32311
79202
05810
05813
05812
05814
57847
05816
57023
18240
70474
70471
57021
76265
76439
69142
03411
76431
15529
76432
76434
76437
24201
17870
03380
47952
67390
47951
47957
14721
14720
62050
30201
88950
79050
76050
06713
15414
15415
15410
15411
15412
15413
79278
79279
79270
67485
79275
88352
88359
88358
91810
91828
70495
96762
85370
51403
15251
51407
51405
24421
95931
95930
24424
51399
76383
12614
12611
51241
51243
54161
51711
96766
96765
95806
96764
95803
19424
39120
96763
95808
19550
85112
60377
57702
54365
57700
57701
57706
57707
54364
57708
57709
57620
57623
82201
48702
82203
82202
27357
69158
69159
21901
21900
57520
46620
69157
69154
69155
17678
17676
60110
17674
17671
80220
80225
96839
96770
96772
96773
96774
96775
96777
57140
57141
57142
57143
57144
57145
57630
57631
46936
48348
57451
96820
53711
48340
57459
36198
20763
20760
33101
16871
36461
60590
54841
79876
54843
60599
10611
57031
80135
85417
85413
45826
45827
48500
45821
45822
33499
45828
18470
17701
48232
62446
36996
36997
36995
08702
08703
08700
08701
08706
08704
08705
20771
54939
54445
54447
64302
54443
48760
54719
54715
54717
54711
54713
45911
45914
45915
38060
33785
62190
09811
33783
57858
57859
79113
57857
70460
33301
09725
09723
09722
18905
18901
18903
03401
18050
30301
17805
33131
54151
54157
62265
14732
14733
14730
03711
06700
06703
06705
15399
15393
15391
15462
54203
79243
79241
70502
88343
88341
57011
91866
51411
95924
95925
95926
95927
95920
95921
95922
39200
95928
95929
27742
47747
47746
88900
47741
06900
51385
32200
51383
82323
12600
88763
51701
51702
51251
95810
19430
95814
95815
24721
82476
82325
17710
79201
74801
98012
98011
73251
73255
79200
57737
06050
57731
45834
57283
99305
57289
57273
21121
36217
17643
60101
60104
51879
80230
90835
82505
96789
85310
82501
57603
57602
57601
57600
96781
96780
57605
57604
21350
46921
46923
57467
21355
57465
21357
88790
57469
53700
57193
57192
57191
20753
20751
20755
53831
42621
90737
79800
90786
16862
90784
57517
57516
57515
57514
57513
57512
57511
57510
85406
12301
90960
57519
57518
54893
45850
54891
48572
54897
54895
48576
54899
90731
57998
21599
62456
57991
62455
62452
62453
62450
62451
70381
54947
54949
54431
54433
54437
54439
80346
54769
15891
54761
48797
82163
54765
48790
54767
48792
05835
57864
05832
05831
57860
09802
48400
57868
79104
99451
99452
70499
54389
54387
70497
36149
54381
76386
54165
54708
18732
76382
18730
54160
15090
54169
14707
14706
54367
14704
54361
03360
24221
14708
09931
27565
27566
76708
33797
76700
76707
76706
76705
47996
15382
33794
47998
76099
79255
79256
79257
79259
85881
76144
06600
88378
06609
06608
91871
91877
03210
76891
15075
24401
27756
57271
54163
79490
79491
