73469
16831
96782
19713
73392
73395
57207
88714
51265
51263
51261
82198
24711
92879
92878
82191
19403
39101
92871
73261
32300
92894
92891
12704
12706
57729
88391
82222
82221
57720
57721
57722
57723
88399
88398
21101
57291
57292
57293
57294
17651
17652
21106
36201
36207
80595
57614
57615
57616
57617
57610
15785
57612
57613
90826
90827
57618
57619
80201
85320
82531
98000
96798
96799
11762
96797
96794
96795
96790
96791
10708
57479
95799
95796
95795
11732
95792
95791
95790
90796
57189
90793
57185
57180
57181
57183
16811
64450
57501
57050
57503
21295
57505
57506
57507
57508
57509
80115
53607
57306
57986
57987
45846
57981
45845
54885
48568
54887
09231
57989
76801
80330
27995
46861
46863
54953
70391
70397
18859
21720
70398
12235
54423
85505
85050
70637
54779
15869
48788
48786
09050
54771
15712
15862
05820
82443
57874
57875
57878
57879
48412
48410
95774
95771
57094
82446
57095
48095
70485
54395
70480
70481
76390
54171
76394
54175
76396
54177
79395
54373
14718
14719
54379
33894
62241
62247
33895
80695
76719
47818
18630
67100
15447
33111
18741
15441
90743
33898
60462
85121
67211
76884
92892
03206
51470
51471
03201
82050
51479
85981
27760
27766
27765
66501
66502
90981
90982
09107
09106
88703
06100
88390
82455
82456
88499
82450
51271
57390
92868
91845
74950
24700
92867
32311
60340
12712
12713
92884
12711
92880
92881
92889
88386
82231
88384
82989
19705
19700
19702
21112
21111
21114
82345
64590
11754
06322
06323
11751
06321
80210
90810
90815
90814
10802
51101
98078
82521
17654
11910
95782
57899
95785
96720
79821
21605
21602
21603
21600
90978
36309
80100
80102
17653
57958
57315
31108
57310
42801
45877
33441
67320
57319
85601
33445
48550
17751
17752
05589
18848
45780
45785
54969
90940
21732
18843
90943
54961
48312
48315
90945
54415
54413
54411
70650
70345
54987
70340
70342
90946
57889
48130
48132
57880
57883
95765
95762
95763
95760
80305
33759
76365
76364
54187
18712
54343
09911
79380
79381
54347
79384
03343
54349
79389
57611
45895
45894
45891
80208
54745
18623
54743
54271
54741
33996
33998
03743
03742
54748
76508
90822
90823
03439
24392
24391
24390
02900
54197
57759
79702
79703
79700
15313
17610
18765
06621
18764
27774
27775
03231
18767
15295
57757
51441
15050
06820
57753
27555
27556
82415
82425
91855
33897
24771
10701
57477
19609
19608
19605
80180
51911
19600
57471
10705
12729
80310
12725
57473
12720
85241
57825
27399
76775
27390
19770
17635
21127
60486
57275
21123
21122
64100
21120
51829
90807
17617
90801
53998
36220
16720
90808
36225
11742
11743
33331
33231
69151
98063
82889
82888
98066
90709
82880
57418
85742
36720
57410
57417
57415
36722
32101
32100
32103
60791
12100
36728
69190
42321
62401
62400
57300
09217
48230
57096
21257
21256
21701
21259
57098
57099
60465
45793
60467
45791
45796
45795
33050
57502
54409
48300
85438
36795
09455
54401
09105
70643
09103
54405
09101
54407
09851
54997
54995
69176
70350
48433
18545
15845
99151
99400
48120
57895
57893
57890
57891
95753
95752
95750
05688
05689
95759
27100
18431
33451
57834
15600
57985
96819
76377
76375
76372
76373
76370
54191
80823
54359
48050
57980
54357
54351
54353
76772
76773
45882
45880
45881
53600
45888
54751
54753
54757
03750
03751
03124
03755
24730
67309
67308
18450
08300
76511
67305
67307
53608
15111
17997
95700
79289
21441
79280
47838
15599
47834
47836
95709
51451
79355
31105
31106
79356
79350
79353
79352
47780
79359
17606
47835
54951
54957
82433
82431
51050
93751
90732
39390
27402
65201
19610
73050
85507
70451
57375
19760
57799
60499
57703
57791
21131
57793
57240
57795
57794
57797
57796
90873
90875
42799
90876
51833
16221
51837
60250
82891
88050
06300
57641
82541
51121
99238
21620
21621
99235
16823
80495
96796
85442
90908
85444
90905
90907
90901
33213
46851
57331
33211
57337
57334
57339
48200
93807
98074
21241
54775
39801
93808
16735
60472
60473
60471
57424
57423
57422
48338
70101
09445
57429
57428
96705
85715
54219
45740
70365
70364
54215
08790
54217
54211
54213
18551
99410
96701
54500
31107
09201
57523
90729
69150
31101
33889
21902
96709
18771
96708
05410
05413
54321
54323
54325
57936
57931
57930
57933
85765
99705
48599
57939
57938
15857
15853
18390
15859
18396
79291
17677
15105
15100
15819
90954
15589
76236
76239
79503
54393
79342
54397
66220
79348
06800
76391
73111
73112
11344
90925
82399
88444
88998
06799
24751
24759
74901
90726
85602
57420
19623
19622
19620
96778
88198
96779
57634
76834
76837
76831
57632
57633
51338
51331
19752
19751
51332
57788
57789
51801
57457
57782
57783
57780
57781
57786
57787
57784
57785
90862
12050
88060
17799
90868
57450
82571
12690
96764
82377
82371
21651
57352
85380
53880
57806
42300
06200
90918
39250
27797
57254
57257
32411
32410
57328
57329
05771
57320
93813
93811
64300
39810
73420
57431
57433
57435
57437
57439
48452
45752
45750
54207
54205
09301
70371
09871
54201
62337
96786
79162
90941
21476
90736
70201
48210
54517
90730
54515
18417
18416
90738
90739
03330
18980
18983
33124
62205
54339
54333
54331
54337
42431
76759
48588
57923
76754
76755
57928
76757
15821
15829
96783
80814
15485
86700
18342
18345
18349
18348
79750
57792
66307
36295
62119
24361
76354
76355
33896
76357
76352
33893
47812
47811
47817
76359
79198
57803
76221
15559
79372
67325
79370
79374
06810
06815
79400
66050
73100
73101
82388
82389
82383
82385
19102
15310
82413
82142
82143
82141
91889
02702
91881
88181
57798
60301
51437
33224
76821
80812
51499
57790
51327
51811
51813
17602
57522
16597
90857
90852
82561
12686
90979
21880
11791
19635
27211
19631
27215
82361
60050
96704
96707
96706
57139
96700
96703
96702
57135
57134
57137
57136
57131
57130
57133
57132
90929
90928
16684
90920
80630
90975
57521
57220
54447
57225
90976
57227
57228
90977
85261
85484
85482
85480
57351
57350
57353
42101
17791
57356
93821
93826
21260
11935
70160
60453
42752
46980
03871
80523
42201
42200
42203
42202
70415
54239
45760
85738
05320
05899
09861
54231
54237
70417
48765
95728
95729
54301
95722
95720
24101
95710
90701
54839
03900
90705
54837
54831
54833
11930
54307
15639
54305
18995
54303
18990
18991
03301
18614
05431
57386
05434
38709
90731
39605
32201
54789
54783
33788
54781
54787
54785
76783
76782
76781
76786
15123
76789
15128
54011
48711
92887
47805
79740
47800
47801
24351
62102
18751
18756
69135
18759
69136
79230
17656
76251
76270
69132
15549
15491
15492
15493
79410
91872
93766
51799
82171
54341
95860
82289
57497
76815
36711
51313
51311
60201
60200
15384
36713
60205
90848
73310
06421
06423
06422
19799
82599
51171
82591
51771
82358
27201
27202
96714
96715
57698
57699
57128
57129
57126
57127
57696
57125
57122
57123
57120
57121
90934
90935
90936
90937
98088
90931
90932
90933
36350
98085
98086
98087
90938
90939
08800
06222
06221
80600
80606
80605
57232
57233
57230
57231
57234
12787
12786
57349
57332
80198
57347
17413
91847
36756
80514
80512
36752
82305
60420
60424
60426
80282
91843
96719
42747
45998
45999
80999
57338
27454
80993
45775
14820
70311
45770
85744
45997
95717
95716
95715
46956
95713
46950
62590
96846
96845
21325
96843
96840
95718
82186
11928
85102
85100
90718
90719
11920
54827
24703
90710
11925
54821
54311
54313
54315
54317
54319
99104
54797
54791
54793
09321
57907
54799
39800
91828
54221
54223
36625
54229
85811
76794
76796
76790
76791
48707
48705
48702
48700
18322
48708
33107
92886
90756
45971
66320
90757
45979
76332
92885
76334
76335
76339
76247
96769
15579
39447
96768
47904
47900
47724
47727
47726
47723
90782
21393
27050
82161
93716
51785
70100
12411
79227
79222
70414
82291
82296
82299
15463
88898
73495
73497
51301
51303
45742
76800
73499
27499
15467
60210
27796
18499
85340
74401
70321
57941
51765
51763
51761
39654
82342
82343
79881
16891
57118
57111
57947
57117
80614
57948
80616
90942
80610
90944
90947
45807
90949
90948
21997
57599
57598
57597
42426
96734
11441
12799
27301
12792
12793
12790
12791
57751
57750
12794
57752
69101
69102
69109
21201
93845
93847
09402
80501
80050
09401
60433
60431
90950
60434
80291
42731
90957
54497
54495
54493
62347
54491
91868
45701
45700
62348
85754
48399
48398
95702
95703
95704
95705
95706
46941
99102
99103
99101
05631
67271
90959
45731
90768
54819
57374
90761
90760
54811
12331
12332
48240
33350
09752
33355
18202
18200
85781
57973
57975
90728
54251
18513
14815
14814
33775
09331
54257
33779
15814
85803
85806
15780
15781
24332
48736
18331
05855
57804
45940
57801
57800
05853
76494
57808
02730
76307
76306
76305
76304
76303
76301
76300
76476
57749
54105
54107
54101
15569
54103
54109
14761
38101
38100
95923
79302
79306
79307
93701
88220
24799
88905
24793
24791
12401
24797
24795
24794
76274
76272
76271
79231
88900
95843
95844
57307
15212
15213
15211
76870
76876
73150
57691
57831
06400
42506
42505
42508
76901
76900
76902
85198
12651
88222
82331
82333
51201
51203
79892
79893
79896
16897
16899
96735
96736
96737
96730
96731
96733
90952
90953
57622
90951
90956
73200
19683
90955
90958
21050
42341
42347
82241
82243
82242
57211
57743
21235
69112
69110
67250
60150
60401
60400
93852
93850
93856
90747
57500
57105
57100
57101
57103
90884
42721
57109
90882
90883
54483
54485
99130
54489
45710
45711
90813
62371
21301
21300
38455
60711
54807
54801
54803
54809
90881
57360
57361
09509
57364
53689
57369
90770
09507
05997
70424
18231
70420
70421
15390
36495
57962
57963
57960
54487
57964
57965
09341
80314
70332
80316
09344
09611
54245
18525
54249
08742
08741
18650
18300
24322
06995
48729
48725
48726
09221
48722
76488
57817
62390
57810
76481
45956
47853
45951
45952
76487
76319
76310
67505
67050
76464
76465
76462
76460
67272
15519
54111
03445
24492
03442
14777
14774
14775
79332
15998
15997
15996
15990
79440
82102
82103
15355
15354
15421
24789
15359
79203
79202
67475
06426
79207
79206
79204
76269
91600
91821
91820
91822
95856
95851
95852
88302
76868
90778
27788
27780
60230
90773
12648
73365
76910
51745
70122
51741
51211
19500
57733
21820
90969
90968
90967
90966
90965
90964
90963
90962
90961
90960
85221
80991
06250
42400
57779
10915
10910
27324
57777
57774
93867
93863
57008
93861
69129
93869
33341
60415
60141
60418
57480
42712
57487
36707
36705
36701
57171
57173
11733
86800
85354
96811
96812
96815
96814
54475
54477
96712
05610
96713
54871
54873
33112
33115
96710
90740
54879
60705
96711
09518
60701
60703
12358
90986
57399
90980
90983
42888
36835
57391
42882
57393
57392
70459
33338
57697
09990
70453
70456
57957
30401
45814
45816
45811
45810
57959
45812
85770
09603
85775
80300
54277
33755
54273
02701
54903
54727
57961
33241
54050
88326
03050
62141
54297
54291
39500
24311
18795
18796
18792
62381
47840
80990
47844
18799
98081
33761
18220
17645
95830
54247
76453
76451
91808
09347
76101
76100
88329
54123
54121
36050
54125
15502
03121
88280
15504
15505
14741
14740
79326
79328
24261
15697
47718
47719
31401
82135
82133
82131
57608
76294
79212
96788
95829
95820
95822
95824
96785
76853
76852
76851
96784
88332
96787
79382
57600
51429
51425
51421
09912
51423
24443
24441
95919
95918
19051
95915
95914
95917
95916
95911
95910
95913
95912
57463
73352
73428
73359
73358
88205
12635
88202
88759
73198
76922
76921
76925
76924
65101
51229
82480
51227
69175
32400
90970
90971
90972
90973
90974
42419
60399
80640
88111
57761
85219
57763
12744
12741
12740
85211
24451
82261
10920
93871
93876
69134
45950
21785
69130
69131
57010
57011
17690
57818
17697
17699
42702
57496
42705
42706
42708
42709
57498
57499
57163
57161
11721
80242
80241
96802
96800
96801
05600
33997
96804
96805
70194
96808
96809
54461
21369
21499
36757
99241
21366
90750
09560
33100
54861
33106
54867
33104
54865
90758
90759
60774
79859
57389
42890
57384
57385
57382
57383
42896
57381
18496
15451
09701
09700
70440
09705
09707
16861
57940
39651
39652
39653
48298
48299
39656
39657
39658
39659
54591
08761
08763
69165
45730
54269
18819
57514
54919
54261
54264
85780
54267
54737
54733
54731
69160
54739
54286
48749
54281
24302
48747
54289
45938
45932
27401
45937
05863
03601
30101
47892
80994
47890
48570
14715
47898
33769
15539
76443
90766
24491
48577
80992
05888
92821
06721
48474
18100
82499
82121
82122
82123
82337
46955
79269
79260
79263
19750
79265
95712
91803
91802
91801
91800
91807
31301
95833
73500
95831
82878
76843
19050
51341
51433
57996
33892
95908
95909
95906
95907
95904
95905
95902
95903
95900
95901
73435
82788
82789
18418
82780
82783
12629
88749
82303
82304
51231
51232
51729
31201
19452
51723
51721
51727
51725
60540
57871
57711
57710
57713
57712
57715
57714
57717
57716
57719
57718
12755
12751
10935
10930
82271
82273
16995
16996
16997
16990
57023
57022
93887
57020
93881
33770
90699
88260
85375
80256
90717
85370
90711
96767
21801
11711
82101
21804
11716
96761
57625
57624
57155
57621
57152
57151
57150
21484
57447
96839
96838
48355
54451
96834
54457
46902
21373
21370
46901
99252
46904
21375
54859
54857
54856
79868
54851
33201
70509
70508
70507
70506
70505
70504
70503
70050
70501
70500
09718
09711
09715
24050
48793
54233
45837
45834
08711
08710
08712
08714
08717
36695
57865
57864
85794
54703
15740
54705
48770
54709
03700
45906
45904
45903
33795
45900
36401
45908
57849
76260
05813
05814
57847
05816
18240
70474
70471
69140
57021
76265
69142
03411
03410
76431
15529
76434
24201
03380
47952
67390
47951
16362
14721
14720
62050
14727
30201
88950
79050
76050
06716
06713
57901
15414
15415
15410
15411
15412
15413
67485
79276
79274
79275
88359
88358
91813
51403
15251
51407
51405
79471
90917
24421
95931
95930
24424
51399
18732
80150
12611
51241
51243
54161
51711
96766
96765
95806
95804
19424
39120
96763
24739
95808
19550
15221
57702
54365
57700
57701
57706
57707
57705
57708
57709
57620
57623
82201
10940
82203
82202
27357
69158
69159
21901
21900
57520
93895
69157
69154
69155
17678
17676
60110
17674
17671
80222
54453
96772
96777
57140
57141
57142
57143
57144
57145
57630
57631
46936
21341
96820
57449
53711
48343
48340
57459
36198
33101
16871
36461
60590
54841
79876
54843
60599
79873
10611
57031
80135
80136
85413
45826
45827
48500
45822
33499
45828
18470
53621
53620
48232
62446
36996
36997
36995
08702
08703
08700
08701
08706
08704
08705
08709
54939
54445
05391
54443
15883
54719
54717
54711
54713
45911
45914
45915
38060
62190
33783
57858
57859
57856
57857
33301
33650
09722
18901
03401
18721
18050
76421
30301
54159
33131
54151
54157
76734
76732
06700
06703
06705
88505
15391
15462
15397
15395
79244
79243
70502
48100
88345
91865
95924
95925
95926
95927
95920
95921
95922
39200
95928
95929
47746
47743
47741
85122
06907
06905
06900
51385
32200
54203
12600
51701
27299
51251
51705
95810
19430
95813
95814
95815
24721
82476
82325
82473
79201
74801
98013
98012
98011
42441
73255
79200
57737
06050
57731
21126
57283
99305
57289
57273
21121
36217
17643
60101
60104
51879
90804
80230
90835
85213
82505
96789
85310
82501
57603
57602
57601
11772
96781
96780
57605
57604
21350
46921
46923
57467
21355
57465
21357
57469
53700
57193
57192
57191
79420
53831
42621
90737
79800
90786
16862
90784
57517
57516
57515
10601
57513
57512
57511
57510
85406
12301
57519
57518
54893
45850
54891
45852
54897
54895
48576
45859
33467
70207
57998
21599
62456
62455
62452
62453
62450
62451
70381
54947
54949
08733
08732
08731
08730
54431
54433
54437
54439
80340
15891
15892
54761
48797
82163
54765
48790
54767
48792
05835
05834
57861
57860
48400
57868
79104
99451
99452
57778
70499
54389
54387
70497
36149
08533
54381
76386
54165
08532
76383
76382
18730
54160
15090
54169
18739
14707
14706
54367
14704
54361
03360
24221
14708
27560
09931
76708
76700
76707
76706
76705
47996
33794
47998
08998
57009
76099
08997
08996
79255
79259
85881
76415
76413
76144
06600
91879
36749
06609
06608
91871
91877
03210
15075
24401
27756
27755
57271
79490
79491
