73469
16831
19713
73395
57207
88714
51265
51263
51261
24711
92878
82191
39100
92872
92871
73261
32300
92894
92897
12702
92891
12704
12706
60357
57729
82101
88391
82222
82221
57720
57721
18499
76485
88399
88398
21101
57291
57292
57293
21105
57295
17652
21106
36201
36207
80595
57614
57615
57616
57617
57610
57611
57612
57613
57618
57619
90821
82531
98000
96798
96799
11762
96797
96794
96795
96790
11765
10708
57391
95799
57474
95796
53731
11732
57471
95791
95790
90796
57188
57189
57185
57180
57181
57183
16811
57500
57501
64452
64453
21295
57505
57506
57507
57508
57509
80115
45842
57306
57986
57987
57981
57982
53600
54885
48568
54887
09231
57989
76801
46869
46868
27995
46861
46863
54953
70391
70397
18859
21720
70398
21724
12235
99190
85505
85050
70637
54779
15869
09050
33211
15712
15862
05820
57871
57874
48230
57878
57879
48412
48410
08614
95774
08616
95771
19403
57094
57095
57722
70488
70485
54395
70480
70481
76390
54171
76394
54175
76396
54177
79395
54373
79397
54379
62241
62247
62245
80695
76719
47818
18631
18630
67102
67100
15447
33111
15441
15440
33112
03512
90743
03511
33898
85121
92896
67211
76885
76887
88360
06619
76888
03206
51470
51471
03201
82050
51479
85981
27766
27764
66501
66502
76221
09107
54401
88703
06100
88390
82455
88499
82450
51271
92868
91845
74950
82180
57392
24701
92867
73270
32311
57723
12712
12713
92884
12711
92880
92881
92889
88386
82231
88384
88385
82989
19705
19700
19701
19702
21112
21111
98108
21114
98105
54615
98107
98106
98101
98100
98103
98102
57661
64590
11754
06322
06323
11751
06321
80210
80211
90810
90815
10802
51101
10803
82521
11910
95782
95785
96720
48534
57294
21605
21602
21603
21600
17651
90978
36309
80100
85421
80102
48531
17653
57958
57315
53615
36495
95752
76363
53619
33441
09222
85601
33445
48550
17751
17752
05589
18848
18849
54969
90940
21732
18843
90943
54961
18847
48312
48315
05898
90945
54415
54413
54411
70650
70345
54987
70340
90946
15871
57889
48130
48132
57881
57880
08661
95765
95762
95763
95760
80305
76369
33759
76365
18715
54187
18712
18713
54343
09911
79380
54347
27542
79384
03343
03342
79389
80818
85241
45895
54745
18623
54743
54271
54741
33996
03746
03745
03742
54749
15451
67371
90823
95831
85320
57733
24392
24391
24390
02900
54197
57759
79704
79702
79700
15313
18765
18764
27774
27775
03231
18767
15295
57757
51441
15291
15050
06820
57753
96791
27555
27556
82415
57479
82421
24779
91855
91857
24771
10701
19608
19605
80180
51911
19600
10705
80310
12725
57473
12720
57825
27399
45881
27390
19770
17630
17635
21127
21126
57275
21123
21122
64100
21120
90806
90801
53998
36220
51820
16720
36225
11742
33331
11745
33231
90798
69151
98063
82888
19599
90709
82885
57418
85742
36720
57410
57417
57415
36722
32101
32100
32103
60791
12100
36728
45986
69190
42321
62401
62400
09219
57305
57303
57300
57301
09217
45866
57096
21257
21256
21701
99530
21259
57098
57099
45793
45791
45795
33050
57050
54409
48300
57503
36795
09455
09106
09105
70643
09103
54405
09101
54407
09851
54997
48436
54995
57933
69176
70350
18545
15845
99151
99400
48120
57895
57893
57890
57891
95753
03439
05688
05689
95759
18431
33451
57834
15600
57985
18760
76375
76372
76373
76370
54191
80821
54359
48050
54357
54351
54353
76772
76773
45882
45880
76775
57983
45888
54751
54753
54757
03750
03751
03755
18450
24733
76511
67306
53608
15111
17997
24382
79281
79284
15599
47834
47836
85438
95708
95709
51451
79355
31105
31106
31107
79350
47780
31108
47835
54951
54957
82433
51050
82434
82439
93751
90732
18614
39390
27402
65201
19610
19611
73050
85507
70451
54423
57375
19760
57799
60499
17602
57703
57791
21131
57793
57240
57795
57700
27405
57796
90875
42799
90878
16221
54811
60250
42790
82890
82891
82892
82893
88050
06300
57641
82541
51121
99238
21620
21621
99231
99235
57634
85390
16823
80495
96796
85442
90908
85444
47800
90905
90907
90901
90900
33213
57332
57331
57337
57334
57339
48200
93807
21241
39801
93808
60474
60475
60473
60471
57424
57423
57422
48338
70101
09445
57429
57428
96705
54219
45740
70365
70364
27499
08790
54217
54211
54213
18551
99410
96701
54500
90726
54505
09201
57523
54509
90729
69150
31101
33889
57521
03325
96709
18771
76347
18777
76345
53607
05410
05413
80835
54323
69155
54325
57931
57930
48595
76747
48599
57939
99701
15856
15852
15853
18390
98097
15859
18396
79294
79291
79292
17677
15105
15103
15100
15819
88415
15589
76233
76231
76234
79505
76239
79503
54393
79340
54397
66220
06800
18703
82476
76391
73111
73112
11344
82399
88444
06799
24751
15321
82400
74901
85602
19623
19622
19620
96778
88198
96779
82878
90737
90721
76837
76836
57632
76839
76838
57633
51339
85261
51331
19752
19751
19750
17619
57788
57789
51801
57457
57782
24681
57780
57781
57786
57787
57784
57785
90862
12050
90861
73331
90867
88060
17799
90868
90869
21341
82571
12690
96788
96736
82377
82371
96821
21651
57352
85380
16362
47861
76710
42300
06200
90918
95911
80151
27797
57257
32411
57253
32410
57328
57329
05771
57320
93813
93811
91808
39810
73420
60446
60449
60448
57431
57433
57435
57437
57439
80535
48452
48453
85721
45752
45750
70375
54205
09301
70371
09871
54201
95730
21476
90736
70201
54511
48210
54517
18419
54515
90739
03330
18980
18983
33124
54339
54333
54331
54337
42431
48588
48589
36749
57928
76757
15821
15829
96783
86700
18342
18345
18349
96782
79751
79750
80136
57792
66307
36295
33894
33895
33896
76357
76350
33892
33893
47812
47811
47817
18749
79198
62326
85221
15559
27721
51739
79372
79370
79374
06810
06815
79400
66050
73100
73101
82388
82389
19102
15317
93771
82142
82143
82141
91889
02702
88181
57798
60301
33224
62446
27100
80812
51499
57790
51327
51320
51321
51811
51813
51819
57794
57797
57522
16597
90857
82561
90979
21880
11791
11794
19635
27211
19631
27215
82361
60050
96704
96707
96706
57139
96700
96703
96702
57135
57134
57137
57136
57131
57130
57133
57132
98093
98092
09835
98096
98095
98099
98098
90923
90920
90925
90975
57221
57223
57225
90976
57227
57228
90977
90706
85484
85482
85480
57351
57350
57353
42101
17791
57356
93821
93826
21260
54525
70160
54523
60453
42752
46980
03871
80521
42201
42200
42203
42202
70415
54239
45760
85738
05320
05899
09861
54231
45984
54237
70417
42997
42996
42990
42998
48765
95728
95729
54301
95722
95720
24101
57806
90701
90700
54839
03900
54529
90704
54527
54837
54831
54833
11930
54307
70414
54305
18995
54303
18990
18991
03301
15637
05432
05431
57386
05434
38709
39605
27421
32201
54789
54783
54781
54787
54785
76783
76782
76781
76786
76785
15123
76789
15128
54011
48711
47805
54611
47801
24351
62102
18751
76322
76325
18756
69136
79230
17656
76270
69132
27733
15549
15495
15491
15492
15493
79363
79410
91872
79418
79419
06779
51799
93768
82171
33650
54341
95861
95860
82281
82280
82282
57497
51319
36711
51313
51311
60201
60200
15384
36713
60205
85706
90848
73310
06421
06423
06422
19799
90843
90845
91873
82599
51171
12671
51771
27201
27202
96714
96715
57698
57699
57128
57129
57126
57127
57696
57125
57122
57123
57120
57121
90934
90935
90936
90937
98088
90931
90932
90933
36350
98086
90938
90939
57783
06222
06221
80600
80605
57232
57233
57230
57231
57234
85251
76708
57349
80198
57347
93834
17413
60429
36756
36757
80512
36752
82305
60424
60427
80518
80282
42744
91843
96719
42747
45998
45999
80999
57338
27454
80993
45775
09321
70311
45770
85744
45997
95717
95716
95715
46956
95713
46950
95710
96846
45961
96845
21325
96843
96840
95718
21690
11928
85102
85100
90718
90719
09525
54827
54533
90710
11925
54821
54311
54313
54315
54317
54319
57938
54797
54791
54793
99241
57907
54799
39800
54221
54223
36625
54229
85811
03712
09560
76794
76796
76790
76791
48707
48705
48702
48700
18322
48709
96824
48497
90756
45971
66320
90757
76332
76333
76338
76339
76247
96769
15579
39447
90947
91718
96768
47904
79312
91717
47900
47724
47727
79420
47723
88387
90782
21393
27050
82161
93716
51785
51787
70100
12411
79220
88220
82291
82296
15463
88898
73495
73497
51301
45742
76800
73499
54602
54603
92892
60210
27796
54604
85340
74401
51765
51763
51761
82344
82345
82342
82343
16891
57118
57143
57111
57947
57117
90941
57948
80616
90942
80610
90944
80612
45807
90949
90948
21997
57599
57598
57597
42426
96734
12799
27301
98104
12792
12793
12790
12791
57751
57750
12794
57752
69101
69102
69109
57635
21201
93847
09402
80501
80050
09401
90953
36729
60433
60431
96708
90950
60434
80291
90896
90895
90894
42731
90957
54497
54495
54493
62347
54491
45701
45700
62348
85754
95700
21441
95702
95703
95704
95705
95706
46941
99102
99103
99101
05631
99104
90959
45731
90768
54819
57374
85119
12335
12336
90764
48240
33353
33350
09752
18202
18200
85781
57973
57975
90728
18513
33775
09331
54257
14810
33779
15814
15817
85806
15781
48736
48739
18331
05855
57804
45940
57801
57800
57803
76494
57808
02730
76308
76307
76306
76305
76304
76303
76301
76300
76476
57749
76346
54105
54107
54101
15569
54103
54109
14761
38101
95923
79301
79307
08532
76262
82111
93701
24799
24793
24791
12401
24797
24795
24794
79234
76274
76272
76271
79231
88900
95843
95847
95845
95844
57307
15212
15213
15211
76870
76876
73150
57691
88104
57831
06400
42506
42505
42509
76905
76904
76901
76900
76903
76902
85198
12651
88222
82338
82331
82333
51201
27325
51203
79892
79893
16897
16899
96735
21833
96737
96730
96731
96733
90952
19684
57622
90951
90956
73200
90954
90955
90958
21050
19688
42341
42347
82241
82243
82242
57211
57743
21235
69112
69110
67250
60150
60401
60400
93852
93856
47896
90747
36730
09435
57105
57100
57101
57103
90888
47899
54483
99130
54489
62375
45711
62371
21301
11394
38455
54805
60711
54807
54801
54803
57502
54809
57109
57360
57361
09509
57364
53689
57368
57369
90770
09507
05997
70428
70424
18231
70420
70421
14797
15390
57962
57963
57960
54487
57964
57965
70332
80316
09344
09611
54245
18835
18525
54249
08742
45710
08741
18650
18300
57319
24322
06995
48729
48725
09221
48722
27533
76488
57817
57815
45959
57810
45955
45951
45952
76487
76319
21300
79153
67505
67050
76465
76462
76460
67272
15519
54111
03445
24492
03115
57450
03442
14777
14774
14775
79332
15998
15997
15996
15990
88410
45780
79440
82102
82103
15355
15354
15421
24789
15359
76260
79202
67475
06426
79207
79206
79205
79204
76269
91600
36905
91821
91820
91822
95854
95855
95856
91828
95852
88302
15221
76863
90778
27788
27780
60230
11780
90772
12648
73365
76910
19679
51745
70122
51741
51211
19500
21822
82591
21820
90969
90968
90967
90966
90965
90964
90963
90962
90961
90960
82123
80991
06250
42400
57779
10915
10910
57420
57777
93867
57009
57008
93861
69129
93869
33341
60415
60141
53900
57480
57487
36707
36705
36701
57171
57173
11733
86800
85354
80271
96811
96812
96815
96814
96819
54477
96712
05610
96713
54871
54873
09517
33115
96710
90741
90740
54879
60705
96711
09518
60701
90749
60703
90986
90981
90980
90983
90982
36835
12356
57390
57393
12355
33338
57697
09990
54610
54613
54612
70455
70456
57957
57955
30401
57953
45815
45814
45816
45811
45810
57959
45812
85770
09603
80300
54277
33755
54273
02701
54903
98089
54727
57961
33241
54050
03725
88326
03050
62141
54297
54293
39500
48752
24311
17640
18792
62381
47840
18798
85765
33761
18220
95830
54247
76450
09347
80312
76101
76100
88329
54123
54121
54125
15502
15503
03121
15507
03125
03124
79321
14741
14740
24261
15697
47718
47719
31401
47710
82325
15437
15349
82135
82133
82131
57608
76294
79212
79213
95829
95820
95822
95824
96785
76852
96784
76362
96787
96786
51425
51421
09912
51423
24443
24441
95919
95918
19051
95915
95914
95917
95916
39250
95910
95913
95912
57463
73352
73359
12635
88202
88759
73198
76922
76921
76925
76924
65101
51229
51227
69175
32400
60390
90970
90971
90972
90973
90974
42419
60399
62390
88111
57761
85219
57763
12744
12741
12740
85211
24451
82261
10920
24452
76481
99331
93871
99333
93876
69134
21785
69137
69130
69131
57010
62398
17690
57818
17697
17699
45953
42701
42702
57496
42705
42706
42709
57498
57499
33225
57163
57161
11721
80243
80242
80241
80245
80244
96802
96800
96801
05600
33997
96804
96805
96808
96809
54461
21369
76310
21499
33998
46915
21366
90750
70641
33100
54861
33106
54867
33104
54865
90758
90759
60774
42899
57389
42890
57384
57385
57382
57383
57381
18496
54608
54609
18493
18492
76508
09701
09700
70440
54601
54606
54607
09707
54605
57940
57941
39652
39653
39654
39656
39657
39658
39659
54591
08761
08763
08768
69165
45730
54269
57514
54919
54261
54264
85780
54267
54737
54733
54731
69160
54739
54281
24302
54289
45938
45932
27401
45937
05863
03601
30101
47892
80994
47890
76449
76444
76446
76447
33769
15539
90766
24491
48577
80992
05888
92821
80990
47761
47764
16861
18100
33897
82121
82122
48477
46955
51332
95712
91803
91801
91800
91807
31301
95833
73500
62590
95837
76844
76846
76847
76849
19050
51341
51343
57996
17610
92980
95908
95909
95906
95907
95904
95905
95902
95903
95900
95901
82789
82780
88749
82303
82304
51231
51232
51729
31201
19452
51723
51721
51727
51725
60540
98038
60387
60388
57711
57710
57713
57712
57715
57714
57717
57716
57719
12757
12755
12751
10935
54193
82271
82273
16995
16996
16997
16990
57022
93887
57020
33770
11920
54531
90699
17660
88260
80254
80256
90717
85370
80251
90711
21800
21801
11711
24787
21804
11716
96761
57718
57624
57155
57621
57152
57151
57150
05672
57875
54768
48355
48354
54451
96834
54457
46902
21373
21370
46901
99252
46904
54859
54857
54856
54851
33201
90748
70509
70508
70507
70506
70505
70504
70503
70050
70501
70500
09718
09712
09711
09717
24050
48793
54233
45830
45837
48516
08711
08710
08712
48400
08714
36695
10930
36050
85794
85790
54703
54705
54709
03700
45906
45903
33795
45900
36401
45908
05810
05813
05814
57847
05816
18240
70474
70471
69140
57021
76265
76439
69142
03411
03410
15529
76437
24201
24200
12995
03380
47952
67390
47951
47957
62050
14727
30201
88950
79050
76050
06713
57901
15415
15410
15411
15412
15413
79278
79271
79276
79275
88357
88359
88358
91813
70495
36723
51403
15251
51407
51405
90917
24421
95931
95930
24424
73403
73402
73401
73405
73404
51399
76385
57755
76383
80150
12611
51241
96767
51243
57149
51711
96766
96765
51718
95806
95805
96764
24731
19424
39120
96763
24739
95808
19550
54169
57702
54365
12769
57701
57706
57707
57705
57708
57709
57620
57623
82201
10940
82202
69158
69159
21901
21900
57520
21902
69157
69154
93891
17678
17676
60110
17674
60112
17671
96839
80226
57442
54453
96772
96777
57140
57141
57142
03362
57144
57145
57630
57631
96828
46936
48348
57451
96820
57449
53711
96825
96826
57459
91858
36198
33101
16871
36461
60590
54843
60599
10611
57031
80135
70513
80130
45825
45826
48500
33107
45822
33499
45828
18470
53621
53620
48232
53622
36996
36997
36995
08702
08703
08700
08701
08706
08704
08705
96838
08709
54939
54445
54447
54443
15887
15883
54719
54717
54711
54713
45911
45914
45915
45917
38060
62190
33783
57858
57859
57856
57857
57854
33301
09725
09723
18901
03401
18721
18050
30301
54159
33131
54151
54157
14735
03711
76738
06700
06703
06705
88505
15391
15462
15397
15396
79243
70502
42606
48100
57011
88345
91866
51415
95924
95925
95926
95927
95920
95921
95922
39200
95928
95929
27742
88905
47743
54207
47749
06900
51385
51387
32200
54203
54200
82323
12600
88763
51701
27299
51251
95810
19430
95813
95814
95815
24721
95818
92849
82473
79201
74801
98013
98012
98011
73252
73253
42444
73255
79200
57737
06050
57731
45836
57283
99305
57289
57273
21121
36217
17643
60101
60104
51879
80230
90838
85213
90836
82505
96789
85310
82501
57603
57602
57601
57600
96781
96780
57605
57604
21350
46921
46923
21355
57465
21357
57469
53700
57193
57192
57191
53831
42621
54513
90783
79800
90786
90784
57517
57516
57515
10601
57513
57512
57511
57510
85406
12301
57519
57518
54893
45850
54891
54897
90730
54895
33467
70207
17732
57998
21599
62456
62455
62452
62453
62450
62451
70381
92886
54947
54949
08733
08732
08731
08730
54431
54433
54437
54439
42401
15891
15894
54761
15899
48797
82163
54765
48790
54767
48792
57867
57865
05834
05832
57861
57860
09803
79104
99451
99452
57778
70499
54389
11935
54387
08601
36149
08533
54381
70492
76386
54165
54164
18732
76382
18730
15090
76389
14707
14706
54367
14704
54368
24221
14708
09931
27565
03762
76700
76707
76706
76705
47996
15381
33794
47998
08998
08997
08996
79259
85881
76145
76144
06600
91879
06609
06608
91871
03210
57923
15075
27756
27755
57271
54163
36310
79490
79491
