73469
16831
19713
73392
60417
73395
57207
51263
51261
82198
24711
92878
82191
82441
39100
92872
92871
73261
32300
92894
92897
12702
92891
12704
12706
60351
57729
82101
88391
82222
82221
57720
57721
57722
57723
88399
88398
57291
57292
57293
57294
57295
57296
60130
57298
90756
36201
36207
80595
57614
57615
57616
57617
42050
57611
57612
57613
90827
90824
90825
57618
57619
90821
82531
98000
15529
11762
96790
11765
10709
10708
57391
95799
95797
53732
10701
95794
10707
57471
95791
95790
90796
57188
57189
57185
57180
57181
57183
16811
57500
57501
57050
57503
21295
57505
57506
57507
57508
57509
80114
45842
57306
57986
57981
53600
54885
48568
54887
09231
76801
46869
46868
27995
46861
46863
54953
70391
70397
18859
21720
70398
12235
99190
85505
99194
48368
70637
09050
33211
05820
57871
57874
57875
57878
57879
48414
48412
48413
48410
95775
95774
08616
95771
19403
57094
57095
48095
70485
70483
70481
76390
54171
76394
54175
54177
79392
79395
54373
14718
54379
62241
76717
62247
76713
80695
76719
33897
18631
18630
67102
67100
15447
33111
15441
15440
18740
03512
03511
33898
60462
92896
67211
76884
06610
76887
88360
88362
92892
76888
76889
03206
51470
03205
03201
82050
85981
12212
27761
27766
90719
66501
66502
47773
09107
70641
88703
06100
82455
88499
82450
51271
91845
91843
24704
82180
57392
24701
92867
73270
32311
48436
12712
12713
98126
12711
92882
92881
48431
82231
88384
88385
82989
19705
19700
19702
21112
21111
98109
21114
98103
70456
64590
11755
11754
06322
06323
11751
06321
80210
90810
90816
90815
51101
10803
82521
11910
95782
95785
21605
85198
21603
21600
17651
90978
80106
90711
80100
85421
80102
48531
57297
57959
45812
57314
57313
95752
53619
54561
09222
85601
33445
48550
17751
17752
05589
18848
45780
80362
54969
80615
21732
18843
90943
54961
18847
48312
48315
53723
05898
90945
54415
54413
54411
70650
70345
54987
70340
90946
15871
57889
48130
48132
57881
57880
57883
95765
95762
95760
80305
33759
76365
18715
54187
76366
18712
18713
54343
09911
09912
54347
80813
03343
03342
85241
45895
45891
76766
62255
62250
54745
18623
54743
54271
54741
33996
03746
03745
03742
54749
15451
67371
90823
95831
85320
24392
24391
24390
02900
79702
79703
79700
15313
18765
18764
27774
27775
03231
15295
57757
51441
15291
38050
15050
06820
57753
27555
27556
82415
57479
82421
82425
24779
91855
95796
24771
80180
51911
19600
24421
10705
12727
12720
90977
27399
45881
27390
19770
17630
17635
21127
21126
98114
57275
21123
21122
64100
21120
69150
90807
90800
90801
90802
53998
36220
16720
90808
36225
11742
33331
11745
33231
11748
90798
69151
98063
82889
82888
90709
82881
82885
57418
85742
36720
57412
57410
57417
57415
36722
32101
32100
32103
85765
60791
12100
03755
36729
45986
42321
62401
62400
09219
57305
57303
57300
09217
57096
21257
21256
21701
99530
21259
57098
57099
45793
60467
45791
60463
45795
33050
57502
54409
48300
85438
36795
09109
09455
09106
09105
70643
09103
54405
09101
54407
54997
15849
54995
54993
70350
48433
18545
15845
99405
99151
99400
48120
57895
57893
57890
57891
95753
03439
05688
05689
95759
18431
33451
57834
15600
18760
76375
76372
76373
76370
54191
80820
54359
48050
54355
54357
54351
76772
76773
45882
85794
45880
76775
45888
85850
54751
54757
03750
03751
45848
24730
18450
08300
67301
57988
76511
67304
67306
15117
53608
15110
17997
79289
79282
79281
79280
79284
95703
15599
47834
47836
95708
90737
51451
79355
79354
79357
79356
31101
47780
79359
79358
47835
54957
82432
51050
82434
82439
93751
90732
18614
24769
39390
27402
19618
65201
19610
19611
73050
85507
70451
54423
57375
19760
57374
85050
57799
60499
98129
98128
17602
57791
21131
57793
57240
57795
57700
57797
57796
90870
51839
90875
90874
42799
90878
51831
90763
60250
42790
82890
82892
82893
88050
06300
57641
82541
51121
99238
21620
21621
57634
85390
93721
85442
90908
90905
90907
90901
90900
33213
57332
62410
57337
57901
57334
57339
48200
93807
21241
39801
93808
60471
80381
57424
57423
21393
70101
09445
90952
57429
57428
54219
45740
70365
70364
76852
48448
54217
54211
54210
54213
18551
99410
99415
31105
31106
54500
31107
54505
09201
57523
54509
90729
09209
79350
08614
33889
57521
03325
96709
76341
18771
76347
53607
05410
05413
54321
54323
69155
54325
05418
57931
57930
57933
76747
31108
48599
57939
57938
76741
15856
15857
15853
18390
15859
18396
79294
17677
15105
15102
15103
15101
14774
15819
95821
15589
14825
79505
76239
79503
54393
54395
79340
54397
66220
79348
06800
18703
76391
98131
73111
73112
11344
82399
82395
06799
24755
24754
24751
15321
82405
82400
57610
85602
19623
19622
19620
88198
82878
90721
57143
76830
76832
57632
76839
57633
51337
85261
51331
19752
19751
19750
17619
57788
57789
51801
57457
57782
57783
57781
57786
57787
57784
57785
90862
12050
90861
90867
88060
17799
90868
90869
18331
57450
82571
12690
27798
82377
82371
96821
21651
57352
91850
96825
16362
96826
76710
42300
06200
90918
95911
80621
27797
98134
57257
98130
32411
98132
98133
32410
17762
57328
57329
05771
57320
62420
93813
93811
39810
60449
60448
57433
57435
42760
57437
57439
48100
48453
85721
45752
45750
70375
54205
09301
70371
09871
54201
95730
95733
21476
90736
70201
80447
54511
48210
54517
18419
54515
90739
03330
18980
18983
90940
33124
54339
54333
54331
54337
57924
57925
57923
76753
76755
57928
15821
36607
36601
15829
80814
86700
18342
21901
18348
80136
66307
36295
33894
76355
33896
47818
18743
33892
76353
47812
47811
47810
47817
18749
79198
57803
76221
27724
15559
24614
79373
79374
06810
06815
66050
73100
73101
82388
82389
82383
82385
19102
15317
54604
82413
82142
82143
82141
91889
02702
91880
88181
57798
33224
27100
90986
98123
79309
51499
57790
51327
36995
51811
57792
08703
17603
57794
80703
21740
98125
57522
16597
90857
33131
98124
82561
90979
21880
11791
08705
11794
19635
27211
19631
27215
82361
85710
60050
57139
96700
96703
57135
57134
57137
57136
57131
57130
57133
57132
98093
06611
98099
90920
90925
90975
57221
57223
57222
57225
90976
57227
57228
51835
90706
57359
85484
85482
85480
57351
57350
57353
42101
17791
57356
54527
93821
93826
21260
54525
70160
54523
60453
46980
51471
03871
80520
42201
42200
42203
42202
70415
54239
45760
85738
05320
05899
09861
54231
45984
54237
62329
42997
42996
42990
42998
95728
95729
54301
95722
95720
24101
90701
90700
54839
03900
90705
54835
54837
54831
54833
11930
54307
70414
54305
18995
54303
18990
18991
03301
15637
05431
05437
05436
05434
38709
57912
39605
32201
54789
54783
54781
54787
54785
76783
76782
76781
76786
15123
76789
15128
15129
54011
48711
47805
79741
47800
47801
24351
62102
18750
18751
76323
79235
18756
18759
69136
76272
17656
69132
57011
15549
15495
15491
15492
15493
79360
79410
57856
80495
91872
51799
93769
82179
82171
09725
17652
82281
82280
82282
17653
76815
06995
51311
60201
60200
15384
60205
16764
73310
06421
06423
06422
19799
90843
90845
15121
82599
51171
12671
82590
57161
51771
27201
27202
57698
57699
21679
57129
57126
57127
57696
57125
57122
57123
57120
57121
90934
90935
90936
90937
90931
90932
90933
36350
98086
90938
90939
08800
06222
06221
02711
80600
80605
57232
57233
57230
57231
90951
57234
76708
57349
80198
57331
93835
17413
36756
80514
80513
36752
60424
60427
80282
95712
42744
69166
42747
92889
45998
45999
80999
57338
27454
48470
45775
09321
48473
45770
45997
46955
95716
95715
46956
95713
46950
62590
45961
21325
96843
95718
21690
11928
85102
90718
69164
09525
54827
54533
90710
54535
90712
54821
27594
54311
54313
54315
54317
24703
54319
69163
54791
54793
99241
57907
54799
39800
48577
54221
54223
36625
54229
85811
76799
76794
76790
76791
48707
48705
48702
48700
18322
48709
48497
33104
45971
66320
62175
45978
76332
76337
76339
79171
79170
79173
76241
76247
15579
57958
39447
79318
91718
47904
47906
91717
47900
79316
47727
79420
47723
88387
57420
27050
82161
93716
54703
51785
70100
12411
54401
82291
82294
88898
73495
73497
51301
70417
45742
76800
73499
54602
54603
60210
27796
42512
18499
73304
73305
73302
73303
82585
88251
51765
51763
51761
82344
82345
82342
82343
16891
57118
21849
57111
57110
57117
90941
57948
80616
90942
80610
90944
90947
45807
90949
90948
21997
57599
57598
57597
12799
27301
27302
12792
12793
12790
12791
57751
57750
12794
57752
69107
69101
69102
69109
57635
93841
21201
93845
93847
09402
80501
80050
09401
90953
60432
60433
60430
21762
90950
60435
80291
80662
90896
90894
90899
90898
90957
54495
54493
62347
54491
45701
45700
62348
85756
95700
21441
95702
46945
95704
95705
95706
46941
99102
99101
05631
99104
90959
21680
45731
90769
54819
82311
12335
12336
90765
48240
33350
09752
33355
18202
18200
85781
57973
57975
90728
15818
18513
14815
14814
33775
09331
54257
33779
15814
15817
85806
15781
48736
48739
48738
57804
47861
57801
57800
76499
76494
57808
76309
76308
76307
76306
76305
76304
76303
76301
76300
76476
57749
54105
54107
54101
15569
54103
54109
14761
38101
95923
54285
79302
79300
08532
69165
82111
93701
24799
24793
24791
12401
24797
24795
24794
79237
76274
79232
79233
76271
76270
88900
95843
95840
95847
95845
95844
95848
88316
51371
51373
15212
15213
15211
76870
76876
73150
57691
88104
57831
06400
76904
17640
76901
76900
76902
88220
12651
88222
82338
82331
82333
51201
51203
79892
79893
16897
16899
36309
19685
19684
19687
19686
90956
73200
90954
90955
90958
21050
19688
42341
42431
82241
82242
57211
21235
69112
69110
67250
60403
60150
60401
60400
93852
93853
93850
93856
90747
09435
21599
57105
57107
57100
57101
57103
90888
57109
54483
54485
99130
54489
62375
45711
27299
62371
21301
11394
38455
54805
60711
54807
54801
54803
54809
85340
57360
57361
09509
57364
53689
57368
57369
90770
09507
05997
70424
18231
70420
70421
70423
15390
11732
36495
79298
54487
57964
57965
80315
70332
80316
09344
09611
54245
18835
18525
54249
08742
45710
08741
18650
18300
57319
33441
24322
48728
48729
24324
09221
39050
48722
76488
76489
57815
45959
57810
76481
62398
45952
76487
76319
21300
76310
18781
76313
67050
76317
76464
76465
76462
76460
67272
15519
54115
54111
03445
24492
03115
03442
14777
79335
14775
79331
79330
79338
15998
15997
15996
15990
88411
88415
82102
82103
15355
15354
15421
24781
24789
15359
76260
67475
06426
76265
76269
91600
88364
91821
95859
91822
95854
95855
95856
91828
88302
15221
27788
60230
11780
12648
73365
76910
90776
51745
82320
70122
51741
80992
51211
19500
82591
11782
19693
90969
90968
90967
90966
90965
90964
90963
90962
90961
09821
85221
85225
80991
06250
42400
57779
10915
10910
27324
57777
93867
57009
57008
93861
69129
93869
33341
60415
60141
14797
57480
57487
36707
36705
36701
57171
57173
11733
86800
85356
85350
54477
05610
54871
54873
33112
33115
57128
90740
54879
60705
09518
60701
60703
42660
90981
90980
90982
53690
12356
57390
57393
12355
33338
57697
09990
54610
54613
54612
54614
54616
11999
30401
45815
45814
45816
45811
45810
54587
48532
57947
85770
09603
80300
54277
33755
54273
02701
54903
98089
54727
54726
33241
54050
03725
88326
18648
03050
62141
54297
54293
57386
39500
27499
48752
54299
24311
18795
18796
18797
57825
62381
47840
80990
57828
18798
18799
33761
18220
95830
80310
76453
90752
76451
76450
09347
33650
76101
76100
54123
54121
54125
15503
03121
15507
03125
03124
79320
14741
14740
79325
24261
15697
47718
31401
47710
88422
82325
15437
48831
82135
82133
82131
42347
57608
76294
76367
79212
91831
19443
95820
95825
95824
76853
76363
76851
76850
57601
79383
51425
51427
51421
54341
51423
96780
24443
24441
27799
95919
95918
19051
95915
95914
95917
95916
39250
95910
95913
95912
57463
51435
73352
73351
73359
88205
12635
88202
88759
73198
76922
76921
76925
76924
65101
51229
82488
57817
57347
69175
32400
60391
90970
90971
90972
90973
90974
42419
60399
62390
88111
57760
57761
85219
57763
12744
12746
12741
12740
85211
24451
82261
10920
24452
93871
99333
93876
99339
21785
69137
69130
69131
57010
45951
57818
17697
17699
45953
42701
57496
57497
42706
36711
57498
57499
33225
57163
11725
11721
80242
80241
80244
05600
33997
21369
21499
36757
33998
46915
67505
21366
90750
09560
33100
54861
33106
54867
69176
90757
90758
90759
60774
42899
90782
42890
57384
57385
57382
57383
57381
18496
54608
54609
18492
18491
76508
09701
09700
70440
54601
54606
54607
09707
54605
57940
57941
39652
39653
39654
39656
39657
39658
39659
45804
45803
36661
21761
08761
08763
82182
08768
57515
45730
54269
18819
57514
54261
54264
54267
54737
54735
54733
54731
69160
54739
48749
54283
54281
24302
82305
45938
45932
27401
45937
05863
03601
30101
80994
47890
47897
47899
33769
15539
24491
33895
45857
80993
14823
69134
05888
92821
70311
47761
14826
47764
16861
18100
82121
82122
48477
82337
95717
79261
51332
79266
91803
91802
91801
91800
91807
31301
95833
73500
95710
95837
51439
19050
51341
51343
57996
17610
95908
95909
95906
95907
95904
95905
95902
95903
95900
95901
82789
18418
82780
82783
88749
82303
82304
51231
51232
51729
31201
19452
51721
51727
51725
60540
98038
42460
57711
57710
57713
57712
57715
57714
57717
57716
57719
57718
12755
12751
10935
54193
82271
82273
69149
16995
16997
93889
57022
93887
57020
33770
11920
90699
17664
17660
88260
80257
85370
11925
21801
11711
24787
11716
57625
24780
09522
57621
57152
57151
57622
05672
54768
48355
48354
54451
54457
46902
21373
21370
46901
46904
54859
54857
54856
54851
33201
70509
70508
70507
70506
70505
70504
70503
70050
70501
70500
09718
05499
09711
09715
24050
48793
45833
45831
45830
45837
45836
45834
08711
08710
08712
08714
36695
10930
36050
54921
80321
85790
15744
15745
15740
54705
54709
03700
18660
08534
45906
45905
45903
33795
45900
16990
36401
45908
05818
05813
05814
57847
05816
18243
18240
70471
69140
57021
76439
69142
03411
03410
76430
76432
24201
24200
12995
03380
67390
47951
47957
67395
62050
14724
14727
30201
88950
76720
79050
76050
47772
06716
06713
47774
47775
15415
15417
15410
15411
15412
91820
79272
79271
79275
88359
15251
51407
51405
90917
95933
95931
95930
24424
73403
73402
73401
73407
73405
73404
51399
76383
80150
12611
51241
51243
57149
51711
51718
95805
19424
39120
24739
95808
48792
19550
57624
60375
57702
57703
12769
57701
57706
57707
57705
57708
57709
57620
14704
57623
82201
10940
82202
69159
93896
21900
57520
21902
69157
69154
93891
17678
17676
60110
17674
17671
80220
80222
80226
57442
54453
57140
57141
57142
03362
57144
57145
57630
57631
46936
21341
57449
53711
48343
48340
91858
36198
33101
36461
60590
54841
54843
60599
54847
80681
57031
80135
70513
45825
45826
48500
33107
45822
33499
45828
18470
53621
62446
36996
36997
33893
08702
54935
08700
08701
08706
08704
54933
18879
08709
54445
54447
54441
54443
48763
15883
54719
18610
54717
54711
15889
54713
45911
45914
45915
45917
38060
62190
09811
33783
57858
57859
79113
57857
70460
33301
70462
09722
18901
03401
18721
18050
30301
54159
57957
18290
54151
54157
14730
14735
03711
03712
67344
06700
06703
06705
88505
98120
15391
15462
15397
15464
15395
15466
79241
79249
70502
91869
88345
88349
91865
51415
95924
95925
95926
95927
95920
95921
95922
39200
95928
95929
88905
47743
54207
47749
47748
06900
51385
32200
54203
54200
82323
12600
88763
51701
51702
51251
82327
57271
95813
95815
82476
92849
82473
98012
12772
73252
73253
42444
73255
57737
06050
57731
98116
82211
21820
57283
57289
57273
21121
36217
17643
60101
60104
85310
79312
90839
90838
85213
90836
90806
82506
82505
96789
96788
82501
57603
57602
11773
57600
96781
57606
57605
57604
21350
46921
46923
21355
57465
21357
57469
90803
53700
90717
57193
57192
57191
53831
42620
79800
79803
90786
90784
57517
57516
54611
10601
57513
57512
57511
57510
85406
12301
90960
57519
57518
54893
45850
54891
90730
54895
33467
70207
57998
62458
62459
62456
62455
62452
62453
62450
62451
70381
92886
70385
54947
54949
08734
08732
08731
08730
54431
54433
54437
54439
42401
15891
15892
15894
54761
48797
82163
18606
48790
54767
18605
05837
05836
57865
05834
53523
57861
57860
09802
48400
98127
79104
99451
99452
57778
70499
11935
54387
36149
54381
70492
76386
18667
18732
76382
18730
18731
15090
54169
18739
14707
14706
54367
54366
14703
54368
24221
14708
33792
27561
09931
76709
03762
76700
76707
76706
76705
47996
15381
33794
47998
08999
08998
76099
08997
08996
79250
79255
79258
85881
76415
76145
76144
06600
91879
36749
06609
06608
91871
91877
03210
15075
27756
27755
27750
47750
47751
54163
36310
79490
79491
