73469
19713
73395
57207
51261
82198
24711
82448
92878
82191
82441
82440
19403
92872
92871
73261
32300
12701
92894
12703
12702
92891
12704
12706
57729
88391
82221
57720
57721
57722
57724
88398
82291
21101
17656
57293
57294
57295
57296
60130
57298
08616
36201
36207
51845
80595
57614
57615
57616
57617
42050
57611
57612
57613
90827
90825
57618
57619
90821
82531
98000
15529
11762
10708
57391
95799
53733
99208
10701
95794
10707
57471
95791
90796
57188
57189
57185
57180
21610
57183
16811
57500
57501
57050
57503
21295
57505
57506
57507
57508
57509
85431
45842
57306
57986
57981
53601
53600
54885
48568
54887
09231
76801
46869
46868
27995
46861
46863
62460
54952
54953
70391
70397
18859
21720
70398
21724
85507
99190
85505
99194
70637
54778
09050
15867
33211
54774
15862
05820
57871
57872
98151
57874
57875
57878
57879
48412
48413
48410
95775
95774
95777
95776
95771
57094
57095
48095
70486
70485
70483
70481
18703
54171
76394
54175
76396
54177
79395
54373
14718
33213
54379
24740
62241
62247
62245
80695
27570
33897
18631
18630
67102
67100
18639
33111
15441
15440
85758
33893
33112
03512
90743
03511
33898
60462
92897
76400
85121
92896
67211
76887
88360
88362
06619
76888
88365
03206
51470
03205
03201
82050
85981
12212
27766
90986
66501
66502
09107
54401
88702
47775
06100
82456
88499
09103
91845
91843
57393
24704
82180
57392
24701
92867
73270
32311
88399
57960
12712
12713
92881
48431
82231
88384
88385
82989
19705
19700
19701
19702
70453
21112
17623
21111
70456
64590
11755
11754
06322
06323
11751
06321
80210
90811
90810
80648
11590
51101
62319
82521
57408
11910
57400
95782
21605
21602
21603
21600
21849
90978
67327
80106
90711
80100
57965
80102
48531
57297
57959
57958
57314
53616
95752
53619
54561
09222
85601
45871
48550
17751
17752
05589
18848
18849
80365
54969
90940
21732
18842
18843
90943
54961
18847
48312
48315
53721
36781
53723
90945
54415
54413
54411
70650
70345
54987
70340
57889
48130
57887
57881
57880
95765
95760
95769
80305
76365
18715
54187
85777
18712
76362
54343
09911
09912
54347
80813
03343
03342
79389
85241
45895
45897
45891
90828
76767
62255
62256
80208
62250
62251
62252
54745
18623
54743
54271
54741
33996
03746
03745
03742
54749
21371
15451
15455
67371
90823
33241
85320
24392
24391
24390
02900
79704
79702
79700
15313
18765
18764
27774
27775
03231
54191
15291
38050
98155
15050
06820
57753
57752
88951
27555
88104
27556
82415
69101
57479
82425
95797
91855
53732
24771
19608
51911
19600
24421
10705
80310
12725
12720
27399
45881
27390
19770
17630
17635
21127
60486
57275
21123
21122
21121
21120
69150
90807
90801
53998
36220
16720
90808
36225
11742
11743
33331
33231
11748
90798
57181
69151
98063
82889
82888
19599
90709
36721
57418
85742
57410
57417
57414
32101
32100
16831
85765
60791
12100
03755
45986
42321
62401
62400
09219
57305
57300
09217
57096
21257
21256
21701
99530
21259
57098
57099
45793
45791
45795
33050
57502
54409
48300
85438
36795
09109
09455
09106
09105
70643
54404
54405
09101
54407
09851
54997
54995
54993
70350
18545
15845
99405
99151
99400
48120
57895
57893
57890
57891
95753
03439
05688
05689
95759
18431
33451
57834
15600
08533
57985
76375
76372
76373
76370
76371
80820
54359
48050
54355
54357
54351
54353
76772
76773
76771
45882
57982
45880
76775
94817
94816
94815
94814
94813
94812
45888
94810
54751
54753
54757
03750
03751
45848
24730
18450
67301
76511
67306
53608
15110
17997
79289
79282
79281
79280
79287
15599
47834
47836
76201
90737
51451
02750
31105
79357
31107
79350
79353
47780
31108
79358
90881
47835
54951
54957
82433
51050
93751
18614
39390
19618
65201
19610
19611
73050
70451
54423
57375
24616
19760
57374
85050
57799
60499
98128
17602
57791
21131
57793
57240
57795
57700
57797
57796
42799
42798
90878
51831
90763
60250
42790
82891
82892
82893
88050
06300
57641
57640
54814
51121
99238
21620
21621
11394
85390
33350
93721
85442
90908
47800
90905
90907
90901
90900
85281
54773
57332
57331
57337
57901
57334
57339
48200
10940
39801
93808
16735
60473
60470
80383
85731
57424
57423
48338
70101
09445
90952
57429
57428
85715
54219
45740
70365
70364
27499
48448
54217
54211
54210
18882
85719
99410
99415
96700
95740
31106
54500
54505
09201
57523
54509
09209
31101
33889
57521
03325
57824
76341
18771
76346
53607
05410
05413
54321
54323
54325
94808
94809
57937
57931
57930
57933
57932
94800
94801
48599
76744
94804
94805
76741
94807
15856
15857
15852
15853
18390
16861
67311
79296
18370
15102
15103
15101
33770
15589
14825
70321
76235
79505
76239
79503
33779
80413
54393
54395
79344
79343
79341
54397
66221
66220
79348
06800
76390
33769
76391
73111
73112
11344
82399
06799
24755
24754
24751
15321
76397
82400
57610
85602
98147
19623
19622
19620
98149
88198
98148
57634
57143
76830
15781
57144
76839
08744
24685
51337
85261
51331
19752
19751
19750
51807
51805
57789
51801
57782
24681
57781
57786
08745
57784
57785
90862
12050
80713
90861
90866
80714
88061
88060
17799
90868
18331
88260
82571
12690
27798
82374
82371
96821
21651
57352
16362
96826
95914
76710
42300
06200
90918
95911
27797
98134
57257
32411
32410
98138
57329
05771
62420
93813
93811
39810
60449
60448
57433
57435
42760
57437
48100
48453
85721
45752
45750
54207
54205
09301
70371
09871
54201
95739
95730
95733
21476
90736
70201
80447
48210
54517
18419
54515
54519
80449
90739
03330
18980
18983
33124
54339
54333
54331
54337
76759
57925
57923
36749
57928
57929
15821
36607
36601
15829
85419
86700
18342
21901
18349
79751
79752
66307
36295
33894
33895
33896
47818
18743
33892
18740
47812
47811
47817
76359
18749
79198
62326
27729
85221
15559
27721
24614
79373
79372
79375
05898
06810
79378
06815
67328
66050
73100
73101
82389
82383
19102
15317
54604
82142
82143
82141
91889
02702
91881
88181
57798
33224
82705
76825
17609
27100
36997
51499
57790
19740
51327
51321
57792
08703
17603
57794
80703
57522
16597
33131
82561
90979
21880
11791
42570
11796
11794
19635
27211
19631
27215
82361
60050
57139
90877
96703
57135
57134
57137
57136
57131
57130
57133
57132
98099
90920
90925
90975
57221
98140
57223
57222
90976
57227
57229
57228
90706
57359
85484
85482
85480
57351
57350
57353
42101
17791
57356
54527
93828
21260
54525
70160
02450
60450
60453
46980
51471
03871
80520
42201
42200
42203
42202
62325
54239
45760
85738
05320
05899
09861
54231
45984
54237
48462
42997
42996
42990
42999
42998
95729
54301
95722
95720
24101
90701
90700
54839
03900
90705
54835
54526
54837
54523
54833
11930
54307
70414
54305
18995
54303
18990
18991
03301
15637
05433
05432
05431
05430
57386
05434
38709
18616
82541
39605
27421
32201
54789
27588
54783
33788
54781
54787
54785
76781
76787
76786
15122
15123
76789
15128
15129
33784
54011
48711
48710
79742
47805
54611
47801
24351
62100
62102
18750
18751
79235
76325
18756
18759
69136
69132
27730
27733
15549
57914
67330
15495
15491
15492
79360
79362
80495
57788
51799
93769
17651
82171
33650
17652
85340
88640
82281
82280
82282
11490
69114
17653
76813
76812
51319
06995
51311
60201
60200
60205
16764
73310
06421
06423
06422
19799
15121
82599
76785
51171
82591
51779
27201
27202
96716
57698
57699
21679
57129
57126
57127
57696
57125
57122
57123
57120
57121
90934
90935
90936
90937
90931
90932
90933
36350
51375
98086
90938
90939
57783
06222
06221
02711
80600
80605
57232
57233
57230
57231
57234
51271
57349
80198
57347
93835
93831
60429
36755
36757
80513
36752
60424
02512
80282
42744
42747
92889
48478
45999
14828
14829
27454
45990
45775
09321
48473
45770
80995
48477
46955
95716
95715
46956
95713
46950
62590
45961
96843
95718
21690
11928
54539
90718
90719
11920
24703
90710
54535
54821
54311
09747
70122
54315
54317
54319
21241
57938
99104
76321
54791
18699
46915
57907
39610
54799
39800
54221
54223
36625
54229
85811
54863
76794
76796
76797
76790
76791
48707
48705
48702
48700
18320
48708
33107
48497
90756
45971
66320
62175
45978
76330
76337
76339
79173
76247
15579
39447
79318
91718
79311
47904
47906
91717
47900
79316
47724
47727
79420
47721
47723
47722
21393
82164
27050
82161
93716
54703
51785
70100
12411
70415
95896
79227
24451
79222
79229
88223
54609
82296
82294
88898
73495
73497
51301
70417
45742
76800
73499
54602
15467
54603
92892
60210
27796
54606
18499
73304
73305
73302
73303
82585
88251
88252
51765
51763
51761
82344
82345
82342
82343
57118
45808
57111
57110
57117
90941
54592
80616
90942
80610
90944
90947
90946
90949
90948
21997
57599
57598
57597
11441
12799
27301
12792
12793
12790
12791
57751
57750
12794
12795
69107
69106
47880
69102
80180
96709
57635
21201
93845
09402
80501
80050
09401
36724
90953
60432
90950
60435
90894
90956
90899
90898
90957
54495
54493
62347
54491
62345
45701
45700
62348
57633
57338
21441
95702
95703
95704
95705
95706
46941
99102
99101
05631
05630
05633
90959
21680
45731
90769
54819
82311
42641
85119
12335
12336
90762
90765
90767
48240
33353
70430
09752
18202
18200
90818
57970
57973
57975
90728
18513
33775
09331
54257
14810
54259
15814
80989
15817
85803
85806
48732
48731
48730
48736
48739
48738
57804
57801
57800
57803
76494
57808
76309
76308
76307
76306
76305
76304
76303
76301
76300
57748
76473
57749
76478
54105
54107
54101
15569
54103
76344
54109
14761
62010
95923
54285
79300
79306
08532
21235
82111
93701
88220
24799
24793
24791
12401
24797
24795
24794
76274
76272
76271
76270
88900
95843
85358
88316
76878
15212
15213
15211
51379
76870
76873
73150
76746
94802
57691
94803
57939
57831
06400
94806
27405
76904
17640
27212
76901
76900
76902
85198
12651
88222
82331
82333
51201
51203
79892
79893
16897
16899
36309
19685
19684
19687
90951
80665
73200
90954
90955
90958
21050
19688
85421
42341
42431
82241
82243
82242
57211
57741
47996
69112
69113
69110
67250
60403
60150
60401
60400
93852
93856
60409
09435
21599
57105
57107
57100
57101
57103
90884
90888
47899
90882
90883
54485
99130
54489
45710
45711
62371
21301
51251
38455
54805
60711
54803
11390
54809
57109
57360
57361
09509
54831
57364
53689
57367
57368
57369
90770
09507
14798
05997
70428
70424
18231
70420
70421
70423
15390
94704
94703
94702
94701
94700
11732
57313
57962
79298
62483
54487
57964
79299
09341
02712
70332
80316
85763
09344
09611
54245
18835
18525
54249
08742
33441
08741
18650
18300
24322
48729
24324
09221
39050
48722
76488
57817
57815
62390
57810
76481
62398
45952
76487
21300
76310
18781
76313
67050
76465
76462
76460
15519
54110
85794
03445
24492
03115
03442
79337
14774
79334
79331
79338
15998
15997
15996
15990
79449
88411
33445
45780
88419
82102
24785
15354
15421
24781
15359
15190
76260
67475
06426
79207
76265
79205
76269
91600
95859
95854
95855
95856
91828
92800
42447
88302
15221
82213
24676
76863
27788
88787
36835
36495
36782
60230
11780
12641
12648
73365
76910
90776
80993
82320
51747
82327
80992
51211
19500
57733
11782
19693
90969
90968
90967
90966
90965
90964
90963
90962
90961
09821
82123
88122
80991
06250
42400
57779
10915
10910
57420
57777
57776
57009
57008
93861
69129
93869
33341
60415
60141
14797
57480
57487
36707
36705
36701
57171
57173
11736
11733
86800
80270
96815
54478
54477
05610
54871
54873
09517
33115
57128
90740
54879
60705
60706
09518
60701
60703
42660
90981
90980
90982
53690
57394
12356
57390
53872
12355
33338
57697
09990
54610
54613
54612
54614
54616
11999
30401
57952
57950
45814
45816
45811
45810
54587
45812
79262
57947
85770
09603
33759
45720
54277
33755
54273
02701
54903
98089
54726
54721
54050
03725
18648
03050
48759
62141
54297
54293
39500
48752
54299
24311
18794
45928
18797
57827
62381
47840
80990
57828
18798
18799
33761
18220
95830
54247
76453
90752
95831
09347
76101
76100
54123
54121
54125
03121
03126
03124
14741
14740
24261
15697
88377
47718
31401
47710
15437
15349
82135
82131
98152
98153
98150
57608
76364
76294
76296
76367
98154
19440
95824
76854
76853
76363
57602
57601
51425
51427
51421
54341
24683
96780
24441
27799
95919
95918
19051
95915
79386
95917
95916
39250
95910
95913
95912
73425
57463
73352
73359
88205
12635
88202
12636
88759
73198
76922
76921
82314
82313
82312
76925
76924
65101
51229
82483
57469
82488
69175
32400
60390
90970
90971
90972
90973
90974
42419
60399
90977
88111
57761
85219
57763
12744
12746
12741
12740
85211
12742
82261
10920
24452
99331
93871
93876
69134
93879
21785
69137
69130
57010
45951
17691
57818
17697
17699
95796
42701
57496
57497
57498
57499
33225
17413
57163
57161
11721
85363
80242
80241
96800
05600
33997
54469
54463
54460
54461
21369
21499
33998
99241
67505
21366
70641
33100
54861
33106
54867
33104
90758
42899
90782
42890
57387
57384
57385
57382
57383
57381
18496
54608
70449
18493
18492
18491
76508
09701
09700
70440
54601
09705
54607
09707
54605
57940
57941
39652
39653
39654
39656
39657
39658
39659
54591
54594
36663
08761
08763
08768
57515
45730
54269
57514
54261
54264
54267
54737
54735
54733
54731
69160
54739
48749
54283
54281
24302
82305
45938
27402
27401
45937
05863
03601
30101
45998
80994
47890
47897
47896
76446
80999
15539
76443
24491
47941
47942
27533
48470
14823
05888
92821
70311
47761
14826
47764
14775
18100
82121
82122
45997
21325
88387
51332
79265
95712
91802
91801
91800
31301
95833
73500
95710
95837
76846
51349
19050
51341
51343
51345
57996
95908
95909
95906
95907
95904
95905
95902
95903
95900
95901
73340
82789
73347
82780
82783
88749
82303
82304
51231
51232
90860
31201
19452
51721
51727
51725
88412
60540
60388
80651
57711
57710
57713
57712
57715
57714
57717
57716
57719
57718
12755
80348
12751
10935
54193
82271
82273
16995
16997
93889
57022
93887
57020
69146
90699
17664
80255
82163
90717
85370
82103
11925
21800
21801
11711
82101
21804
11716
96761
96760
57625
24780
88415
90713
57621
57152
57623
57622
54459
05672
57443
48355
54451
96834
54457
57448
54313
21373
21370
46901
99252
46904
21375
15295
54859
54857
54856
54851
33201
70509
70508
70507
70506
70505
70504
70503
70050
70501
70500
09718
05499
18487
09712
09711
09717
24050
48793
45833
45831
48510
45836
45834
08711
08710
08712
08714
36695
10930
36050
91851
54921
85790
48408
15744
15740
18669
54709
03700
18660
45905
45903
33795
45900
16990
36401
45908
05819
05810
05813
05814
57847
05816
18243
18240
70471
69140
57021
76439
03411
03410
76430
76435
47881
24201
24200
12995
03380
47952
67390
47951
62050
14727
30201
80414
76725
88950
76721
76720
79050
76050
47772
47773
06713
47774
39611
15415
15410
15411
15412
91820
09560
79279
79270
79271
79275
88359
85377
15251
51407
51405
36148
90917
95933
95931
95930
24425
24424
73403
73402
73401
73405
73404
51399
57948
54163
12611
51241
51243
57149
51711
51718
95805
19424
39120
95800
24739
95808
48792
19550
19881
73248
57624
60371
57702
57703
12769
57701
57706
57707
57705
57708
57709
57620
82201
14703
82202
93896
21900
57520
21902
69157
69155
17678
17676
17677
17674
17671
69165
80226
54453
82511
57140
57141
57142
14708
11700
57145
57630
57631
46936
21341
57449
53711
96825
48340
91858
60750
36198
33101
54848
36463
60590
54841
54843
60599
54845
54847
80683
57030
57031
57018
70513
80130
57632
45825
45826
48500
45822
33499
45828
18470
62447
62446
36996
53624
36995
08702
54935
08700
08701
08706
08704
54933
18879
08709
54445
54447
54441
54443
80351
85102
15887
54719
18610
54717
54711
54713
45911
45914
45915
45917
38060
33785
62190
33783
57858
57859
57856
57857
70460
33301
70462
09723
70465
18901
03401
96835
18721
18050
30301
76425
54159
57957
18290
54151
54157
14730
14735
03711
03712
76737
76730
06700
06703
06705
88505
15463
15462
15395
79244
79242
79240
79249
70502
03762
08705
91869
57011
88345
91866
51415
51413
85781
95924
95925
95926
95927
95920
95921
95922
39200
95928
95929
88905
47743
47741
47748
06900
51385
32200
54203
54200
12600
88763
51701
27299
51703
51707
51709
95813
24721
95818
82473
98012
98011
12775
12773
73252
73253
42444
73255
45830
57737
57735
06050
57731
21126
76145
82211
76144
57283
57289
57273
36217
17643
60101
60104
85310
90839
80235
90836
90831
90830
90832
82506
82505
96789
96788
82501
57603
42590
11773
57600
96781
57606
57605
57604
21350
46921
46923
21355
57465
21357
48371
90803
53700
57193
57191
53831
90788
42620
79800
79803
90786
57517
57516
76852
10601
57513
57512
57511
57510
85406
12301
90960
57519
57518
54893
45850
54891
90730
54895
48576
45858
33467
70207
88372
57998
62458
62459
62456
62455
62452
62453
62450
70381
92886
54947
54949
08733
08732
08731
08730
54431
54433
54437
54439
42401
15891
54761
48797
18601
48790
54767
18605
57865
05834
05832
57861
57860
09802
48400
98127
79104
99452
57778
70499
11935
54387
36149
54382
54381
70492
76386
76385
18667
18732
18730
15090
54169
14707
14706
54367
14704
54361
54368
24221
03362
09931
76709
76708
76703
27433
76700
76707
76706
76705
15384
15381
33794
47998
08999
08998
76099
08997
08996
79252
79255
79256
85881
76413
76412
06600
91879
06606
06609
06608
91877
03210
15075
27756
54213
47750
47751
47753
79492
79490
79491
