73469
19713
19711
19710
73395
73394
57207
51261
82198
92878
82191
24719
82440
19403
92872
92871
73261
32300
36601
12701
92894
12703
12702
92891
12704
12706
90763
57729
82101
88391
82222
82221
57720
57721
57722
57723
57724
88398
21101
17656
57293
57294
57295
57296
60130
57298
36201
36207
51845
80595
80208
57614
57615
57616
57617
42050
57611
57612
57613
90825
57618
57619
90820
90821
82532
82531
98000
11763
42580
79380
57391
95799
53733
99208
10701
95794
57471
95791
90796
57188
57189
88107
57185
57180
21610
57183
16811
57500
57501
57050
57503
21295
57505
57506
57507
57508
57509
80110
80114
53607
62401
57986
45846
57981
53601
53600
48568
54887
09231
54881
53609
76801
46869
46868
27995
46861
46863
54952
54953
70391
70397
80371
21720
85507
99190
85505
99194
70637
54778
54779
15869
48789
09050
15867
54771
15862
05820
57871
57872
98151
57874
57875
57878
57879
48412
82441
95775
99428
95777
95776
95771
57094
57095
48095
70486
54391
70485
70483
70481
76390
54171
76394
54175
76396
54177
79395
79398
15661
54379
24740
62241
62247
62244
80695
76718
76719
33897
18631
18630
67102
67100
18639
33111
15441
15440
85758
33893
03512
33115
03511
33898
60462
92897
76400
92896
67211
76884
06610
76887
88360
88362
92892
76888
88365
03206
51470
51471
03201
98167
85981
12212
27761
27766
90986
66501
66502
85122
09107
54401
88702
47775
06100
82455
88499
09103
91843
57393
24704
19411
82180
57392
24701
92867
73270
32311
60340
88399
57960
12712
12713
92881
48431
82231
88384
88385
82989
57961
88389
19705
19700
70453
21112
21111
17629
80580
70456
64590
11755
11754
06322
06323
11751
06321
80210
90811
90810
90816
51103
51101
82521
57408
57400
95782
45814
21605
21602
21603
21600
17651
90978
36309
80100
17652
80103
48531
57297
57959
57958
57314
31108
57313
95752
53619
33441
09222
85601
45871
48550
17751
17752
05589
90713
18848
45780
54969
90940
21732
18843
90943
54961
18847
85510
48312
48315
53721
36781
53723
80610
54415
54413
54411
70122
70345
54987
70340
70343
57889
48130
57887
57880
57883
95765
95760
95769
80305
02652
02651
76365
54184
54187
85777
18712
76362
54343
09911
09912
54347
03343
03342
54349
85241
94822
94823
45891
94824
94825
62255
57598
62250
62251
62252
54745
18623
54743
54271
54741
33996
03746
03745
03742
54749
21371
15451
15453
15455
15600
76503
67371
90823
54726
95831
33241
85320
24392
24391
24390
11441
02900
79702
79703
79700
15313
76213
18765
18764
27774
27775
03231
98166
54191
15291
80314
98164
38050
98163
98155
15050
98162
06820
57753
57752
88951
27555
27556
82415
69101
57479
82425
69102
95797
24311
95796
24771
24777
19350
51911
19600
16650
24421
10705
80310
12725
12720
45880
27399
76775
27390
19770
73440
90791
17630
17635
21127
21126
57275
21123
21122
21120
90807
94811
53998
36220
60244
16720
60241
36225
33331
33231
90798
57181
69151
82889
82888
90709
82885
57418
85742
36720
57412
57413
57410
57417
32101
32100
16831
85765
60791
12100
03755
45986
46662
46661
42321
45868
62400
09219
57305
57300
57301
09217
57096
21257
21256
46680
21701
99530
21259
57098
57099
45793
60467
45791
45795
33050
54972
57502
54409
48300
85438
36795
82163
90888
09455
09106
09105
70643
54404
54405
09101
54407
09851
54997
54995
54993
70350
18545
15845
99406
99405
99151
57898
99400
48120
57895
57893
57890
57891
95753
03439
05688
05689
95759
27100
18431
33451
57834
45842
57985
76376
76375
76372
76373
76370
76371
54359
48050
80824
54355
54357
54351
76772
76773
76771
45882
57982
94819
45881
94817
94816
94814
94813
94812
45888
94810
54751
54757
03750
03751
45848
24730
18450
76511
67306
14740
85754
53608
15110
15112
17997
79282
79281
79280
15599
47834
47836
21365
90737
51451
31105
79357
79356
79351
31101
47780
79359
79358
90911
47835
54951
54957
51050
51052
93751
24769
39390
19618
16642
65201
19610
18617
88615
73050
70451
54423
17603
57375
24616
24617
19760
24613
85050
57799
60499
88424
17602
57791
57790
57793
57240
60494
57700
57797
57796
90874
42799
42798
60257
51831
54811
60250
42790
90762
82892
15437
88050
06300
57641
57640
03050
54814
51121
99238
21620
21621
90952
85390
33350
80495
85442
85446
90908
47800
90905
90907
62640
90901
90900
85281
33213
46670
57332
57331
33211
95774
57901
57334
57339
48200
21242
21240
21241
39801
93808
60474
60473
80253
80381
57424
57423
03815
48338
70101
09445
48333
57429
57428
45745
48116
45746
54219
45740
70365
70364
27499
54217
54211
54210
18882
99410
96700
33341
95740
31106
54500
54503
31107
54505
09201
57523
54509
69150
79350
33889
57521
03327
03326
57824
18771
76347
18777
05410
05413
54321
54323
54325
54327
94808
94809
57931
57930
57933
57932
76747
94801
48599
94803
94804
94805
94807
15856
15857
18390
15859
67311
90957
18370
15101
15819
15589
47820
70321
80714
79505
76239
79503
33779
85723
54393
54395
79344
79343
79341
54397
66221
66220
06800
18703
90920
33769
76391
73111
73112
11344
82399
06799
24756
24755
24754
24751
15321
82400
57222
57610
85602
57420
19623
19622
19620
98149
88198
98148
57634
57635
82434
76832
57144
08744
24685
82719
51337
51331
51355
51332
57788
57789
51801
57782
57783
57781
57786
08745
57784
57785
12050
90860
90861
73331
24683
88061
88060
17799
90868
18331
21341
82571
12690
27798
82371
96821
21651
57352
16362
76710
42300
06200
90918
90916
95911
27797
57257
27794
32410
57329
05771
62420
93813
93811
39810
60446
60449
57433
42760
57437
53770
48100
48453
45752
48454
70374
54207
70376
54205
09301
54203
09871
54201
95739
91855
95730
95733
21476
90736
70201
54511
48210
54517
18419
54515
54519
80449
90739
03330
18980
18983
33124
54339
14833
54333
54331
54337
57926
76759
57925
57923
76755
57928
48583
15821
36607
15826
15829
80814
24643
86700
18342
18349
90945
82311
36295
76354
76355
79195
47818
18743
80524
33892
18740
47812
47811
47817
76359
18749
79198
62326
03240
85221
15559
90947
86675
86671
67327
79377
05898
06810
79378
06815
67328
66050
73100
73101
82389
82383
88452
19102
54604
82413
82142
82143
82141
91889
02702
91880
33770
33225
85423
88181
57798
19325
98128
33224
76821
76828
36997
51499
19740
51327
51321
57792
08703
57795
57794
57522
90858
33131
82561
90979
21880
11791
02750
11796
11794
19635
27211
27215
82361
85710
60050
57139
90877
96703
57135
57134
57137
57136
57131
57130
57133
57132
90878
80637
80635
16681
90925
90975
57221
57220
57223
05391
90976
57227
57226
57229
57228
60251
85261
57359
85484
85482
85480
57351
57350
57353
42101
17791
57356
54527
93828
21260
54525
57761
70160
02450
82893
60453
46980
03871
42201
42200
42203
42202
05891
70415
54239
45760
85738
45765
05320
05899
09861
54231
45984
54237
70417
42997
42996
42990
42999
42998
95729
54301
95722
95720
24101
90701
90700
54839
03900
54835
54837
54523
11930
54307
70414
54305
18995
54303
18990
18991
03301
15637
05433
05431
05430
05436
05434
38709
57929
57912
82541
39605
32201
54789
54783
54781
54787
54785
76781
76787
76786
15122
76789
15128
15129
09347
38060
54011
48711
48710
79742
27454
54611
47801
45963
24351
62102
76321
18751
79235
76325
18756
33783
69136
69137
69132
57011
15549
15495
15491
15492
15498
79363
88691
93766
51799
54620
82171
09725
95865
88645
95863
88640
82281
82280
11490
17653
06995
51311
24642
60201
60200
60205
16764
73310
06421
06423
06422
19799
15121
82599
51171
57602
82591
82590
27201
27202
96716
57698
57699
57128
57129
57126
57127
57696
57125
57122
57123
57120
57121
90934
90935
90936
90937
90931
90932
90933
36350
90938
90939
06222
06221
02711
80600
80605
57232
57233
57230
57231
57234
51271
85251
12784
57349
80198
57347
93835
93831
60429
36755
80514
90801
36758
60427
02512
12090
42744
42747
48478
62350
14828
14829
48470
45775
09321
48473
45770
45996
45997
46955
95716
95715
46956
95713
46950
62590
45961
96843
95718
47802
11928
85102
90718
90719
54826
24703
90710
11925
54821
54311
54313
54315
54317
54319
03315
18213
57938
99104
54791
18699
46915
57907
39610
54799
39800
54221
54223
54229
85811
15150
76327
54863
76796
76790
76791
48707
48705
48702
48700
18320
15799
33107
48497
90756
45971
66320
62175
45978
76330
90808
79174
57980
76247
15579
39447
36769
92889
47900
79316
47724
79420
47723
21393
27050
82161
93716
54703
51785
90941
70100
12411
95896
79224
79227
79221
88220
18496
82291
88898
73495
73497
51301
45742
76800
73499
54602
15467
54603
57337
60210
27796
57900
24221
42511
42512
18499
73304
73305
82333
73302
73303
88251
88252
51765
82337
51761
82344
82345
36825
82342
82343
57118
57111
45809
57117
80614
45806
80616
90942
57989
90944
80612
90946
90949
90948
21997
57599
67331
57597
57596
11681
11683
12798
12799
27301
98169
98168
12792
12793
98165
12791
57751
57750
12794
12795
69107
69106
57571
57570
57572
80180
96709
21200
21201
93845
93847
09402
80501
80050
09401
90953
79360
60430
21762
90950
60435
90894
90899
90898
80664
54495
54493
62347
54491
45701
45700
62348
57633
57338
21441
95702
95703
95704
95705
95706
46941
99102
99101
05631
05630
05633
90959
11910
54819
57374
42641
57371
12335
12336
09535
90767
09531
70430
09752
33355
18202
18200
90818
05982
57971
57970
57973
57975
90728
18513
33775
09331
54257
54259
15814
80989
85806
24331
48732
48731
48736
48738
47862
57804
47860
57801
57800
57803
57808
76308
76307
76306
76305
76304
76303
76301
76300
76476
76471
57749
54105
54107
54101
15569
54103
98171
57386
95921
14761
62010
95923
54285
79300
79307
79305
08532
88408
69114
82111
93701
24799
88905
24793
24791
12401
24797
24795
24794
57306
76274
76272
76271
76270
95843
95841
85358
57307
67475
15214
51375
15213
15210
15211
76871
76870
57304
76876
73150
94802
57691
88104
57939
57831
06400
27405
76904
17640
27212
76901
76900
76902
85198
88222
36617
51757
82331
51759
51201
51203
79892
79893
16897
16899
19685
19684
19687
90951
90956
73200
90954
90955
90958
21050
19689
19688
42341
11695
11693
42431
82241
57748
82242
98170
57211
98172
57743
57740
57741
47996
69112
69113
67250
60403
60150
60401
60400
93852
93856
60408
36737
09435
47894
57105
57107
57100
57101
57103
90884
80264
57109
90883
99130
54489
45710
45711
62371
21301
51251
38455
54805
60711
54807
54803
11390
54809
85340
57360
57361
09509
54831
57364
53689
57367
57368
57369
90770
09507
48257
14798
05997
70424
18231
70420
70421
70422
14797
94707
15390
94703
94702
94701
94700
11732
36495
57962
57963
62483
54487
57964
57965
02712
70332
09614
02716
09611
54245
18835
18525
54249
08742
08741
18650
18300
24322
24641
48729
48725
09221
39050
48722
76488
57817
57815
62390
57810
76481
62398
45952
76487
76318
76319
21300
76310
18781
76314
67050
76465
76462
76460
15519
54110
85794
03445
24492
03115
03442
14774
14775
79331
15998
15997
15996
15990
94899
79449
88411
33445
88415
88419
82102
24785
15355
15354
15421
24781
76260
76262
06426
76265
79205
76269
91600
95859
95854
95855
91828
92800
42447
88302
15221
24674
24676
90778
27788
10710
79506
36782
98140
11780
12648
73365
76910
76911
80993
82320
51747
82327
80992
51211
19500
57733
11782
80671
19693
90969
90968
90967
90966
90965
90964
90963
90962
90961
09821
82123
88122
88123
80991
42401
42400
57779
10915
10910
27324
57777
57776
57774
93863
57008
93861
69129
93869
80880
60415
60141
57480
57487
36707
36705
57171
57173
11736
11733
86800
85354
80271
96815
54478
54477
54473
05610
54871
54873
33112
54875
90741
90740
54879
60705
60706
09518
60701
60703
80282
42660
90981
90980
90982
53690
57394
12356
57390
53872
12355
33338
57697
09990
54610
54613
54612
54614
54616
57957
11590
57952
57950
45815
48534
45816
45811
45810
54587
45812
57947
85770
85392
09603
85775
33759
45720
54277
33755
54274
54273
02701
54903
98089
18645
54721
54050
03727
03726
18648
18649
48759
62141
54293
62631
39500
48753
48752
54299
85746
48757
18794
45928
18797
57827
62381
67280
80990
57828
18798
18799
33761
18220
95830
09344
76451
76450
02715
33650
80312
76101
76100
54123
54121
54125
03121
03126
03124
14741
79323
24261
15697
88377
47718
31401
96835
82013
47710
12421
16597
82135
82133
82131
98153
57608
18715
76294
30401
98154
19440
95824
76852
76851
76850
76859
51359
51425
51427
24686
51421
54341
51423
96780
24441
27799
95919
95918
19051
95915
95914
95917
95916
39250
95910
95913
95912
82793
57463
73352
73359
88205
12635
12636
88759
73198
76922
76921
82314
76925
76924
65101
51229
57469
45895
69175
32400
53700
60391
90970
90971
90972
90973
90974
42419
60399
90977
57193
88111
57760
12748
85219
57763
12744
12747
12741
12740
85211
24451
82261
10920
24452
94800
93871
99333
69138
93876
69134
93879
21785
57015
69130
57010
45951
17690
17691
57818
17697
17699
42701
57496
57497
57498
57499
18622
17413
98147
57163
57161
11721
80242
80241
80247
96800
05600
33997
54469
54464
54463
54460
54461
21369
21499
18629
99241
67505
21366
70641
33100
54861
33106
54867
33104
90758
80995
42899
90782
42890
57387
57384
57385
57382
57383
57381
09708
54608
54609
18491
09701
09700
70440
54601
54606
54607
09707
54605
57940
57941
39652
39653
39654
57945
39656
39657
39658
39659
54591
54595
36661
08761
08763
08768
69165
45730
54269
57514
80337
80335
54261
88749
54264
54913
54267
54737
54735
54731
69160
54739
48749
54283
54281
24302
82305
45938
27402
27401
45937
05863
03601
02600
33894
30101
45998
80994
47890
45999
76447
80999
15539
24491
33895
45990
14823
33896
05888
92821
70311
14826
47764
47767
16861
18100
82121
82122
14825
21325
19753
90743
19752
67495
19750
79265
79264
95712
91802
88326
91800
31301
95833
73500
95710
95837
82014
76847
19050
51341
51345
57996
17610
95908
95909
95906
95907
95904
95905
95902
95903
95900
95901
82789
73347
18418
82780
82783
21690
82303
82304
51231
51232
31201
19452
90866
51721
51727
51725
88412
60540
98038
60380
57711
57710
57713
57712
57715
57714
57717
57716
57719
57718
12755
10935
54193
82271
82273
16995
16997
93889
57022
93887
57020
69145
69146
09525
90699
17664
66402
17660
88260
85375
32411
85370
82103
90711
21801
11711
24787
21804
11716
57625
24780
09522
57621
57152
57623
57622
54459
05672
57441
48355
54451
54450
54457
57448
21373
21370
46901
99252
46904
15295
54859
54857
54856
54851
54850
33201
70509
70508
70507
70506
70505
70504
70503
70050
70501
70500
09718
18487
09711
09715
24050
48793
45833
45832
48510
45834
08711
08710
08712
36699
08714
36695
10930
36050
54921
85792
85790
15744
54701
15740
18669
54709
03700
18660
08534
45905
45904
45903
27432
33795
45900
16990
36401
45908
05819
33998
05813
05814
57847
18243
18240
70471
69140
57021
03411
03410
15529
76432
47880
47881
47882
24201
24200
24202
12995
03380
47952
67390
47951
62050
14727
30201
76725
88950
76720
79050
76050
70650
06716
06713
47774
39611
15414
15415
15417
15410
15411
15412
91820
09560
79279
79272
79271
79275
88359
85377
16697
85116
51401
15251
90917
95933
95931
95930
24425
24424
73403
73402
73401
73404
51399
57948
54163
80150
11691
51241
51243
57149
51711
51718
95805
19424
39120
95808
48792
82686
19883
19550
19881
57110
57624
16611
16610
16614
57702
57703
12769
57701
57706
57707
57705
57708
57709
57620
14704
82201
10940
82202
70502
21901
21900
57520
21902
69157
69155
17678
17677
17674
17671
80220
80226
54453
48708
57140
57141
57142
57143
11700
57145
57630
57631
46936
96834
48348
57449
96822
53711
96825
48340
91858
60750
36198
33101
54848
54849
36461
60590
54841
54843
60599
54847
80681
57030
57031
57018
33777
70513
80130
57632
45825
45826
48500
45822
33499
45828
11920
62447
62446
36996
53624
36995
08702
54935
08700
08701
08706
08704
54933
18879
08709
54445
54447
54441
54443
15883
54719
18610
54717
18614
54712
54713
45910
45911
45915
45917
62661
62190
09811
09812
57858
57859
88602
57856
57857
57854
70460
33301
70462
09722
09720
18901
18725
03401
76428
18721
18050
76421
30301
54159
18290
17806
54151
54157
67353
27511
14735
03711
03712
67344
06700
06703
06705
88505
24614
15463
15462
15396
15395
15466
79244
79243
79249
79248
08705
91869
48452
88345
85781
95924
95925
95926
95927
95920
45750
95922
39200
95928
95929
47746
88900
47741
06900
51385
32200
70371
86371
86375
54200
12600
88763
51701
27299
51703
51257
51707
51709
95813
24721
82473
98012
98011
12775
12772
73252
73253
42444
60360
73255
45830
57737
57736
57735
06050
57731
82211
57283
57289
57273
36217
17643
60101
60104
85310
90839
80235
85213
90836
90831
90830
90832
82505
96789
96788
82501
57603
42590
57601
57600
96781
57606
57605
57604
21350
46921
46923
21355
57465
48371
90803
05651
15781
57191
57196
53831
90788
42620
79800
79803
90786
57517
57516
57515
10601
57513
57512
57511
57510
85406
12301
90960
57519
57518
54893
45850
54891
90730
54895
33467
70207
57998
21599
62456
53630
62455
62452
62453
62450
70381
92886
54947
54949
08734
08732
08731
08730
54431
54437
54439
06250
15891
15892
54761
18603
48797
18601
48790
54767
18605
05836
57865
05834
48408
57861
57860
48400
98127
24687
79104
99452
57778
70499
09735
11935
54387
36149
54382
54381
70492
76386
76385
18667
18732
18730
15090
54169
18739
14707
14706
54367
54366
54361
54363
14700
03364
03363
14708
27561
09931
03763
76708
76703
76700
76707
76706
76705
15384
67352
15381
33794
47998
08999
08998
57009
76099
08997
08996
79252
79255
79258
85881
76145
76144
06600
36749
06606
06609
06608
91876
88372
91874
91875
03210
15075
27756
54213
27750
47751
47753
47754
79492
79490
79491
