73469
19713
19712
73395
73394
15390
57207
51261
82198
82448
92878
82191
24719
19403
92872
92871
73261
32300
36601
12701
92894
12703
12702
92891
12704
12706
90763
60357
57729
82101
88391
82222
82221
57720
57721
57722
57723
57724
88398
21101
17656
57293
57294
57295
57296
60130
57298
17658
36201
36207
80595
80208
57614
57615
57616
57617
42050
57611
57612
57613
90825
57618
57619
80201
90821
82532
11768
98000
90764
57960
79380
57391
95799
53733
99208
10701
95794
57471
95791
90795
90796
90767
57188
57189
57185
57180
57181
57183
42632
16811
57500
57501
57050
57503
21295
57505
57506
11611
57508
57509
46660
53607
45843
53605
57980
57981
53601
53600
48568
54887
09231
57304
53609
76801
46869
46868
27995
46861
46863
46862
46865
57598
48624
54952
54953
70391
70397
18859
70395
21720
70398
21724
85507
99190
85505
99194
70637
54778
15869
48789
09050
54771
15862
05820
05821
05822
98151
57874
57875
57878
57879
48412
82441
95775
95774
95771
92873
57094
54399
48095
70485
70483
70480
54397
76390
54171
54175
76396
54177
79395
15663
15662
15666
54379
94831
33894
62241
76717
62247
94834
62245
94836
80695
76719
33897
18631
67102
67100
18638
33111
15441
15440
18740
33112
03512
33115
03511
33898
92897
76400
92896
67211
88368
76885
76886
06611
88360
88362
06619
76888
88365
03206
51473
51470
03201
85981
12212
27766
90986
66501
66502
90981
90982
09107
70641
88702
47775
06100
70643
82451
51271
33795
82188
82189
91843
57393
82111
24704
57392
24701
92867
73270
32311
88399
47860
12712
92883
92881
48431
82231
88384
82989
57961
04611
88389
19705
51765
19700
19701
70453
21112
21111
17629
10804
70456
57661
64590
11755
11754
06322
06323
11751
06321
80210
80747
80212
90810
90816
51103
51101
82521
95782
16697
21605
21602
48120
21600
17651
80104
36309
80100
17652
57986
57297
80108
85754
57959
53610
57314
31108
57313
95752
76363
53619
45875
09222
85601
45871
48550
17751
17752
05589
90713
80363
45785
54969
80615
45789
18843
90943
54961
85510
48315
53721
36781
53723
90945
54415
54413
54411
70122
70345
54987
70341
70340
90946
70348
57889
48130
57887
57881
57880
95765
95760
95769
80305
02652
02651
02654
76365
54187
85777
18712
76362
54343
09911
09912
79381
54347
80813
79385
03343
03342
79388
85241
45895
94823
45896
62258
45890
94824
94825
62255
62256
62257
62250
62251
33201
54745
18623
54743
54271
54741
33996
03746
03745
03742
54749
21371
15451
15453
15455
57221
76503
67371
90823
90820
54721
85320
24392
24391
24390
54050
11441
02900
79704
79702
79700
16384
76212
18765
88820
66402
27774
27775
03231
98166
15295
15291
38050
45951
15050
98162
06820
57753
88951
27555
88104
27556
82415
69101
57479
82425
69102
95797
24311
95796
24771
24777
60331
45886
19350
19600
51912
88602
10705
80310
12725
12720
95930
27399
45881
27390
19770
73440
90791
17630
17635
21127
45925
57275
21122
45924
80990
51828
90807
90801
53998
60245
16720
60241
36225
11742
33331
33231
90798
69151
82889
82888
90709
57418
85742
36720
57413
57410
57417
57414
57415
09401
32101
32100
16831
85765
60791
57700
12100
46662
46661
42321
62401
62400
09219
57305
57303
57300
57301
45860
45863
09217
57096
21257
21256
46681
46680
45985
46682
57107
99530
21259
57098
57099
45790
45791
36661
33050
54972
57502
54409
48300
85438
36795
09109
36825
09455
09106
09105
54403
09103
54405
85746
54407
09851
54997
54995
54993
70350
18545
57507
15845
99406
99405
99151
57898
99400
10500
62317
57895
57893
57890
57891
95753
03439
05688
05689
18431
33451
57834
15600
15602
15605
76375
76372
54193
76370
54191
80820
54359
48050
54355
54356
54357
54351
54353
76772
45887
45885
08532
85794
45880
76775
94817
94816
94815
94814
94813
94812
94811
94810
54751
54753
54757
03750
03751
03755
24730
90969
18450
76511
57989
14740
04601
53608
15110
15112
17997
79282
79281
79280
15599
47834
47836
90737
27709
51451
31105
79357
31107
31101
79352
47780
79359
47835
54951
57665
54957
82433
82431
51050
51052
54955
93751
24769
39390
16642
65201
19610
88619
73050
70451
54423
73450
24617
19760
85050
57799
60499
98128
17602
57791
60491
57793
57240
57795
60495
57797
57796
57701
90874
42799
42798
60257
51831
54811
60250
42790
90762
82892
15437
88050
06300
42550
57641
57640
54815
03050
54814
51121
99238
21620
21621
33350
80495
85442
90909
90908
85444
90905
90907
90901
90900
85281
33213
46670
57332
57331
33211
57337
57901
57334
57339
48200
18716
21242
21240
10940
39801
93808
60474
60473
57871
57872
57424
57423
03815
21393
70101
09445
57429
57428
48116
45747
85715
54219
45740
70365
70364
27499
54217
54211
45748
18882
99410
62306
96700
33341
95740
31106
54500
90726
54505
09201
57523
54509
69150
15612
33889
15611
03327
03326
57824
45840
18771
18777
76344
05410
05413
54321
54323
54322
54325
05418
54327
94808
57934
57937
57931
57930
57933
57932
94800
94801
48599
94803
94804
57938
94806
94807
15855
15856
15857
15852
18390
15859
67312
67311
79297
18372
86712
18370
79299
18513
14699
90950
33775
15589
54257
79505
76239
79503
33779
85723
80413
54393
54395
79346
79344
79341
66221
06800
18703
33769
76391
73111
73112
11344
82399
06799
24756
24755
24754
24751
15321
76397
82400
57610
85602
98147
19620
98149
88198
57634
57143
15781
57144
76838
57633
24622
82719
24626
24629
51336
51331
51355
19751
51332
57788
57789
51801
57782
57783
57781
57786
08745
57784
57785
12050
80713
60268
73331
80714
88060
17799
57659
18331
21341
82571
12690
27798
70100
69134
82371
82373
96821
21651
57352
94833
16362
94832
95914
76710
95917
57800
42300
06200
90918
95911
02261
27797
57257
32411
32410
57329
05771
62420
93814
93813
93811
39810
60448
57433
42760
57437
53770
48100
48453
48454
45751
54207
70376
79169
09301
54203
09871
54201
62331
91855
79165
95730
95733
21476
90736
70201
80447
48210
54517
18419
54515
54519
80449
90739
03330
18980
18983
90940
33124
54339
54333
54331
54337
57926
57925
57923
36749
57928
73198
15821
36607
36603
15826
15829
24643
86700
18342
18341
18349
79753
82311
36295
21120
33895
33896
47818
18743
18742
33892
76353
47812
47811
47817
79198
62326
27729
45820
03240
15559
27721
24616
45988
24614
79371
79375
05898
06810
79378
06815
67328
79400
66050
73100
73101
82388
82389
82383
88452
15313
15317
54604
82142
82143
82141
91889
91883
02702
91881
69001
33770
33225
88181
57798
27411
19325
69002
33224
27100
51499
51328
57790
51327
36995
51321
57792
08703
17603
57794
08701
57522
90858
82561
90979
21880
11791
54933
11796
02700
27212
27211
27215
82361
42411
60050
24101
57139
90877
96703
96702
57135
57134
57137
57136
57131
57130
57133
57132
90878
90920
16681
90925
90975
11465
57220
57223
57222
90976
57227
57226
57229
57228
60251
85261
57359
85484
85482
85480
85481
57351
57350
57353
42101
17791
57356
54527
93828
21260
54837
57761
70160
54523
82893
60450
60453
46980
02450
03871
80520
42201
42200
42203
42202
48760
54239
85738
05320
05899
09861
54231
54237
70417
42997
42996
42990
70411
42999
42998
53789
95729
54301
33398
95722
95720
95721
21465
90701
90700
54839
03900
54835
54525
54831
11930
54307
70414
54305
18995
54303
18990
18991
15630
70419
03301
15637
05433
05431
05430
57386
05434
38709
57929
82541
39605
57914
32201
54789
27588
54783
54781
54787
54785
76781
76787
15121
15122
57521
76789
15128
15129
38060
54011
48711
27454
54611
45960
47802
45962
24351
62102
18751
76325
76324
18756
69137
79230
24422
69132
27730
27733
15549
57915
15495
15491
15492
79360
88691
57856
06779
51799
93768
82171
15830
95805
95865
88645
85340
95863
82281
82280
11490
85446
69114
17653
06995
51311
24642
60201
60200
60205
16764
73310
06421
06423
90841
19799
90846
82599
51171
82591
19645
51773
51779
27201
27202
96714
57698
57699
57128
57129
57126
30301
57696
57125
57122
57123
57120
57121
90934
11641
90936
90937
90931
90932
90933
36350
42699
90938
90939
06222
06221
02711
80600
80605
57232
57233
57230
57231
57234
85251
12784
18290
57349
80198
57347
93835
93831
60429
36755
80513
57778
36758
60424
60427
54157
80282
42744
42747
92889
48478
45999
14828
14829
48470
45991
05888
48473
45770
85744
80995
48477
46955
95716
95715
46956
95713
46950
62590
47800
96840
47801
21690
54538
54539
90718
90719
54826
02422
90710
11925
54821
54311
54313
54315
54317
24703
54319
21241
03315
18213
27511
99104
54796
54791
18697
46915
57907
39610
54799
39800
54221
54223
15804
15803
54229
15151
15150
15152
76327
09560
76796
76797
76790
90752
48707
48705
48702
48700
18320
15799
33107
48497
45974
90756
96705
66320
76333
76338
76339
76247
80383
15579
39447
79319
79312
47900
47724
79420
47723
88387
57420
27050
82161
93716
54703
51785
48334
12411
70415
95896
79221
54401
85714
82291
82296
88388
85712
06500
88898
73495
73497
51301
76800
73499
54602
54603
92892
60210
27796
24221
42511
42512
18499
73304
73305
82333
73302
73303
82335
82585
88251
51767
54599
82337
51761
82344
82345
82342
82343
57338
57118
57111
57110
57117
90941
45806
80616
90942
80610
90944
90947
45807
90949
90948
45805
21997
57599
67331
57597
57596
12798
12799
27301
57209
98168
12792
12793
12791
57751
57750
12794
57752
16650
69106
57571
57570
57572
80180
96709
98185
57635
98187
98186
98183
21201
93845
98188
09402
80501
80050
60439
36725
90953
36729
36728
60430
80663
02500
60435
90894
90899
90898
54495
54493
62347
54491
45700
62348
54499
21441
95702
95703
95704
95705
95706
46941
99102
99101
05631
05630
05633
90959
11910
02223
46683
57630
90768
57375
57374
42641
57371
54813
12335
12336
09535
54817
54816
48241
09531
33353
48025
70430
09752
18202
18200
57662
05982
57971
57970
57973
57666
57975
90728
15819
14815
02722
09331
70321
54259
15814
80989
85803
85806
48732
48731
48730
48736
15789
48739
48738
45943
57804
45941
57801
15614
57803
15615
86595
57808
76308
76307
76306
76305
76304
76303
76302
76301
76300
57749
54105
54107
54101
15569
54103
98171
54109
95921
14761
62010
95923
79303
79300
88408
21235
93702
93701
88220
24799
88905
24793
24791
12401
24797
24795
24794
76276
57306
79235
76273
76272
76271
76270
95843
57935
95841
57307
10802
15214
51375
15213
15210
51379
76870
98194
27402
98195
57835
98192
94802
57691
98193
57837
98190
19201
57939
98191
06400
27405
88499
76904
17640
76901
76900
76902
85198
12651
36617
21603
51757
90818
82331
51759
98199
51201
51203
79892
79893
16897
16899
96733
90952
19684
19687
90951
90956
90957
90954
90955
90958
21050
19689
19688
42341
85423
11693
42431
98179
82241
57748
82242
98170
57211
98172
98173
98174
57740
57741
21237
47996
69112
69113
98200
98196
98197
93858
67250
60403
60150
60401
60400
93852
93851
93856
98198
93855
36730
36737
09435
57105
19750
57100
57101
57103
90884
90888
85341
47899
90882
54487
54489
45710
62374
21301
51251
38455
54805
60711
54807
54803
11390
54809
57109
57360
57361
09509
57364
53689
57367
57368
57369
90770
09507
79291
14798
05997
70428
70424
90811
18231
70420
70421
14797
94707
94705
62714
94701
94700
11732
36495
57962
57963
62483
57312
57964
57965
14800
02712
70332
33761
85763
02716
09611
54245
08744
54249
08742
33441
08741
45711
18650
18300
24322
48729
48724
48725
09221
39050
48722
57817
57815
45958
62390
57810
76481
76485
76486
76487
76319
21300
18782
18781
67050
76317
67274
76464
76465
76462
76460
15519
54110
03445
24492
03115
03442
79336
14774
14775
79331
79339
98184
15998
80999
15997
15996
15990
94899
79449
88411
33445
88419
82102
82103
15354
24780
24781
93732
76260
21732
67475
06426
76265
79205
76269
91600
95859
91822
95855
19472
91828
92800
42447
88302
15221
24674
24676
76863
90778
27788
88787
79506
36782
73363
12648
73365
57996
76910
76911
90776
80993
82320
51747
82327
80992
51211
19500
57733
11782
19696
19693
19690
90968
90967
90966
90965
90964
90963
90962
90961
90960
85221
88122
80991
42401
42400
57779
10915
10910
57777
57776
93865
57009
57008
93861
69129
93868
60415
60141
57480
57487
36707
36705
57171
57173
11736
11733
86800
85354
80270
90828
96815
54478
54477
54473
05610
54871
54873
09517
54875
90740
54879
60705
60706
09518
60701
60703
42660
57399
90980
57127
57394
12356
57390
53872
12355
33338
57697
09990
54610
54613
54612
54614
54616
57957
57955
11590
57952
57950
48534
48531
54587
57958
57947
90935
85770
09603
85775
33759
45720
33755
54274
54273
02701
54903
98089
18644
18645
18642
18641
03727
03726
88326
18648
18649
48759
62141
54293
62631
39500
48753
54299
48757
18794
80315
18797
57827
62381
47840
45920
45923
57828
18798
18799
45927
18220
09344
76457
09347
67260
33650
76101
76100
54123
54121
54125
15502
03121
03126
03125
03124
14741
15699
79324
79326
24261
15697
90754
47718
47719
31401
88426
88424
47710
88422
88421
12421
16597
15348
15349
82135
82133
82131
57608
76294
76296
76367
96788
76857
76854
76852
06640
90978
57600
15238
24688
51359
51425
96781
51427
15237
51421
54341
24683
96780
24441
27799
95919
95918
19051
95915
79386
14801
95916
39250
95910
95913
95912
82793
57463
73421
73352
73359
88205
12635
12636
51347
88759
54349
76922
76921
82314
76925
76924
65101
51229
57469
51736
45894
69175
32400
53700
60391
90970
90971
90972
90973
90974
42419
60399
90977
88111
95905
57760
12748
85219
57763
12744
12747
12746
12741
12740
85211
24451
82261
10920
24452
99331
69138
93876
57016
93879
21785
57015
69130
57010
62398
17691
57818
17697
17699
42701
42703
57496
57497
57498
57499
18622
17413
11726
57163
57161
11721
85363
80245
80244
05600
33997
54469
54464
54463
54460
54461
21369
21499
18629
99241
67505
21366
54863
33100
54861
33106
54867
33104
90758
90759
42899
90782
42890
57387
57384
57385
57382
57383
57381
18496
54608
54609
18493
18492
18491
09701
09700
70440
54601
54606
54607
09707
54605
57940
57941
39652
39653
39654
57945
39656
39657
39658
39659
04641
54591
45802
45803
08765
36663
08761
08762
08763
69165
45730
54269
18819
57514
54919
54261
54264
54266
54267
54737
54735
54731
69160
54739
54285
54283
54281
24302
82305
45938
45932
45933
57836
27401
57831
05863
03601
02600
30101
47892
80994
47890
47894
76444
76446
76440
04630
15539
24491
27533
33467
45990
14823
09321
92821
70311
88432
47764
47767
18100
82121
82122
82123
21325
19753
90743
19752
67495
79262
79265
95712
91803
91802
91801
91800
31301
95833
73500
95710
95837
76840
62456
76844
76846
51349
62455
80880
51341
51431
17610
95908
95909
95906
95907
95904
95718
95902
95903
95900
95901
82788
82789
73347
73348
82780
82781
82783
98189
88743
88749
82303
82304
51231
51232
90860
90861
31201
19452
90866
51721
51727
51725
88412
60540
98038
60380
60387
73230
80655
57711
11928
57713
57712
57715
57714
57717
11929
57719
57718
12755
12751
10935
10930
82271
82273
16995
16997
93889
57710
57022
93887
57020
69146
11920
90699
17664
17660
88260
80255
82163
85377
80250
82531
57716
90711
11713
21801
11711
24787
21804
11716
57625
57624
54537
57621
57152
57151
57622
57444
54459
05672
57442
48355
96835
54457
57448
54455
46902
21373
21370
46901
46904
21375
16843
54859
54857
33131
48795
70509
70508
70507
70506
70505
70504
70503
70050
70501
70500
09718
18487
09711
09717
09715
24050
17716
48793
45832
48510
53650
45834
08711
08710
08712
36699
08714
36695
36050
54921
15744
54702
54701
15740
54709
18667
18660
45907
27433
45902
45901
33794
16990
36401
05818
33998
05810
05813
05814
57847
70476
18240
70474
70471
69140
57021
76438
03411
03410
15529
47880
47881
24200
24202
03380
47952
47953
67390
62050
14727
30201
76725
88950
76720
79050
76050
70650
57900
06713
47774
39611
15414
15415
15410
15411
15412
91820
79279
79272
79270
79271
85115
85375
88359
85370
51401
15251
15802
90917
24421
95931
70492
24424
73403
73402
73401
48257
73404
51399
57948
90911
11691
51241
51243
57149
51711
51718
19423
19424
39120
95808
82686
19883
19550
19881
19885
73240
16611
16610
60371
16615
16614
57702
57703
12769
57626
57706
57707
57705
57708
57709
57620
57623
82201
14703
82202
14709
21901
21900
57520
21902
69157
69155
17678
03364
17677
17674
17671
80226
54453
48708
57140
57141
57142
14708
11700
57145
57146
57631
46936
48348
10725
57449
53711
96825
91858
60750
33101
54848
36463
36461
60590
54843
60599
54845
54847
80683
57030
57031
57018
85414
33777
42611
80130
57632
85412
45824
48500
45821
45822
45823
33499
48508
18472
45842
62447
62446
36996
36997
33893
08702
54935
08700
54937
08706
08704
02750
18879
08708
08709
54445
54443
85102
15887
54719
21701
18610
54717
18614
54713
27421
33788
62661
62190
09811
18587
33783
57858
57859
79113
57857
70460
33301
70462
18901
03401
18721
18050
18729
03390
54159
15649
15648
17806
17808
54151
15641
15640
24685
62268
14735
03711
03712
47981
47982
06700
06703
06705
88505
15399
15463
15462
15397
15395
15466
79246
79240
70502
08705
91869
48452
88341
57011
88345
91866
85781
95924
95925
95926
95927
95920
45750
95922
39200
95928
95929
47746
88900
85122
54205
06900
51385
32200
70371
54200
12600
88763
51701
27299
51703
51257
51707
51709
95813
24722
24721
82473
94702
98012
12775
12772
73252
73253
42444
60360
73255
57737
57735
06050
57731
21126
82211
21820
82215
57283
94835
57289
57273
36217
17643
60101
60104
80230
90839
80235
90836
82506
82505
96789
85310
82501
57603
57602
57601
11772
42595
57606
57605
57604
21350
46921
46923
21355
57465
48373
48371
05651
57193
36220
57191
57196
53831
90788
16868
42620
79800
79803
16867
90786
45691
45690
57517
57516
57515
10601
57513
57512
57511
57510
85406
12301
57519
57518
54893
54891
45852
90730
54895
54547
70207
57998
21599
53632
53630
53631
62453
62450
70381
92886
54947
54949
08732
08730
54431
80348
54437
54439
06250
85811
15891
54761
18603
48797
18601
48790
54767
48792
57865
05834
05341
48408
57861
57860
48400
98127
24687
79104
99452
09733
70499
09735
11935
54387
08600
36149
30401
54381
54380
76387
16861
03700
54163
18730
18731
15090
54169
18739
14707
14706
54367
14704
54361
14700
15657
03363
15651
94840
09931
03763
76703
76702
76700
76707
76706
76705
15384
67352
15381
47998
08999
08998
08997
08996
79252
79255
79259
85881
33241
76144
06600
06606
06609
06608
88374
03210
54247
15075
27756
54213
27755
47751
47753
47754
47755
79492
02512
79490
79491
