73469
19713
19711
19710
19717
73394
88719
15390
57207
82103
51261
82198
92878
82191
24719
82440
19403
92872
92871
32300
36601
12701
92894
12703
12702
92891
12704
12706
90763
60357
57729
82101
88391
82221
57720
57721
18499
57723
57724
88398
21101
17655
17656
57293
57294
57295
57296
60130
57298
17658
90756
52399
36207
52390
80208
57614
57615
57616
57617
42050
57611
57612
57613
90825
57618
57619
90820
90821
82531
98000
16384
11763
57391
95799
53733
99208
10701
95794
57471
95791
10704
90795
24881
57188
57189
88107
57185
57180
57181
57183
42631
16811
57500
57501
57050
57503
21295
57505
57506
57507
57508
57509
53607
57306
45840
53604
54889
53600
48568
54887
09231
54881
53609
54883
46869
27995
62463
46863
46862
62467
15131
48624
54952
54953
70391
54957
18859
70395
21720
85507
99190
85505
85050
54778
15869
15719
48789
09050
54771
15712
15862
05820
05821
05822
57875
57878
57879
48412
95775
95774
95771
95772
92873
54399
57722
48095
54391
70485
70483
70480
54397
76390
54171
54175
76396
54177
54372
15663
15662
15666
54379
94831
33894
62241
94832
62247
94834
62245
94836
76719
33897
18631
67102
67100
18638
90747
33892
15441
15440
33893
98094
03512
33115
03511
33898
92897
36755
76400
92896
67211
76884
06610
76887
76880
88360
88362
92892
76888
09519
03206
51473
51470
80595
19785
82050
60703
85981
12212
27761
27766
90986
66501
66502
90981
90982
09107
70641
47775
06100
04980
70643
82451
51271
82188
91843
98164
82111
24704
19411
57392
24701
24703
73270
32311
88399
57960
12712
92882
92883
92881
48431
82231
88384
82989
04611
19705
19700
21112
21111
17629
17628
19655
10805
51855
11757
64590
11755
11754
06322
06323
11751
06321
80210
80211
90811
90810
45990
90816
51103
51101
82521
95782
99152
18771
21605
21602
21603
24892
17651
90978
80105
36309
80100
17652
57986
48531
57297
95805
57959
53610
57314
36491
53615
57313
95752
53619
45875
79374
09222
85601
45871
48550
17751
17752
05589
18848
45785
54969
90940
45789
18843
90943
54961
18847
53724
36201
48315
54419
53723
90945
54415
54413
54411
70122
70345
54987
70340
70343
57889
48130
57887
57880
57883
95765
95760
95769
80305
02652
02651
02654
76365
76364
54187
85777
18712
80816
09911
09912
54347
03343
03342
54349
33755
85241
45895
94823
94820
45896
62258
45890
94824
62255
62256
62257
62250
33201
54745
18623
54271
54741
33996
03746
03745
03742
54749
21371
15451
15453
15455
67371
90823
54726
54721
85320
24392
24391
24390
54050
11441
02900
79702
79703
31201
18765
06625
88820
06623
45950
54193
27774
03232
03231
98166
15295
57757
51441
15291
57756
38050
15050
06820
57753
88951
88950
98215
27556
82415
69101
57479
82425
69102
95797
24311
95796
24771
24776
45886
19350
19608
45887
98219
19600
51912
88602
10705
57827
12725
12720
95930
27399
45881
90796
27390
19770
57990
73440
90791
17630
17635
21127
45925
57275
21122
45924
51828
69150
90807
90801
53998
60245
51823
16720
60241
36225
11742
33331
33231
90798
69151
82889
82888
04605
45988
36721
57418
79359
85742
57410
57416
57417
57414
57415
09401
54157
32100
85765
60791
12100
36728
69194
42321
62401
62400
09219
57300
57301
45860
45863
09217
21257
21256
46681
46683
46682
99530
21259
45790
45791
36661
33050
54972
57502
54409
48300
85438
36795
09109
09455
09106
09105
54403
09103
85746
54407
09851
54997
54995
48430
54993
70350
18545
85708
15845
99406
99405
27111
99151
57898
99400
10500
48120
48121
57893
57890
57891
95753
03439
90898
05688
05689
18431
33451
57834
18769
45842
15605
15604
57985
76376
76375
76372
76373
76370
54191
80821
27555
48050
54357
54351
08613
57981
76772
76773
45885
08532
54491
45880
76775
94817
94814
94813
94812
94811
94810
54751
54756
54757
03750
03751
03755
24730
90969
76511
57989
14740
04601
53608
15110
15112
17997
08604
79281
79285
15591
15593
15592
15594
15599
47834
47836
76206
46861
90737
27709
51451
51455
46865
31105
31106
31107
31101
47780
31108
88721
47835
54951
57665
57957
51050
51052
54955
39390
16642
65201
19610
88619
73050
16610
70451
98226
57375
73450
24617
19760
90851
24619
57799
60499
98128
57791
57790
57793
57240
57795
57794
57797
57796
90874
42799
42798
60257
51831
54811
60250
42790
82892
15437
88050
06300
57641
54815
03050
54814
51121
99238
21620
21621
85390
33350
16824
80495
85442
90909
90908
85444
57900
90905
90907
90901
90900
85281
33213
11641
57332
62410
33211
57337
47801
57334
57339
48200
21242
21715
21240
10940
39801
93808
60474
60475
60472
60473
57871
57872
80381
57424
57423
03815
21393
70101
09445
48333
57429
57428
48116
45747
54219
45740
70365
70364
27499
54217
54211
45748
18882
99410
62306
96700
33341
79357
54500
90726
54505
09201
57523
54509
09209
15612
33889
15611
03327
76341
15619
18776
05410
05413
54323
54322
54325
54327
94808
57934
57937
57931
57930
57933
57932
94800
94801
48599
94803
94804
94805
94806
15855
15856
18390
15859
67312
67311
79295
79297
18372
18370
79299
18513
14699
90954
54257
79505
76239
79503
33779
85723
27718
54393
54395
66221
06801
06800
18703
33769
76391
73111
73112
11344
08749
82399
82397
06799
88442
24756
24755
24751
15321
82400
57610
85602
19620
98149
88198
57634
24688
57143
15781
57144
76839
08744
51357
24620
24626
79395
24629
51331
19752
19751
51332
16741
57788
57789
51801
57457
57782
57783
57780
57781
57786
08745
57784
57785
12050
90860
90861
73331
24683
88060
02317
57659
48738
21341
82571
12690
27798
96820
69134
82371
82373
96821
21651
47862
94833
16362
76710
21820
96733
57800
42300
06200
90918
95911
02261
80623
27797
57257
32411
52590
32410
57329
05771
57419
62420
93814
93813
93811
98223
39810
60440
60448
57430
57433
42760
57437
80530
21301
48100
48453
45750
45751
54207
70376
54205
09301
70371
09871
54201
91855
95730
95733
90728
21476
90736
70201
54510
54511
12301
54517
18419
54515
54519
80449
48219
90739
03330
18980
18983
33124
15624
54339
54333
54331
54337
57926
76759
57925
57923
76752
76755
57928
57929
15821
36607
54602
15826
15829
15484
86700
18342
18341
18349
62110
82311
36295
79197
76355
33896
47818
18743
76352
18740
47812
47811
47817
76359
79198
54239
45820
45821
45822
03101
45823
24614
67327
79377
05898
06810
79378
45985
67328
79400
66050
73100
73101
82389
82383
88452
88450
15313
15317
15319
82142
82143
82141
91889
91883
02702
91881
69001
33770
33225
88181
57798
27411
19325
69002
33224
27100
76828
76829
51499
51328
51327
51321
57792
98127
17602
90828
21740
57522
16597
73328
82561
90979
21880
11791
54933
27211
27215
82361
85710
19638
42411
60050
88368
24101
57139
90877
96702
57135
57134
57137
57136
57131
57130
57133
57132
90878
11663
80637
90920
16681
90925
90975
57221
57220
57223
57222
90976
57227
57226
57229
57228
60251
85261
57359
85484
85482
85480
85481
57351
57350
57353
17791
88111
57356
27501
93828
21260
11935
57761
70160
02450
82893
60453
46980
03871
80521
42201
42200
42203
42202
70415
62326
45760
85738
05320
05899
09861
54231
03201
70417
42997
42996
42990
18992
42999
42998
95729
70413
95722
95720
95721
21465
90701
90700
54839
03900
90705
54715
54527
18401
54837
54831
54833
11930
54307
70414
54305
18995
54303
54301
18991
15630
70419
70418
03301
15637
05433
05432
05431
05430
54309
05434
38709
57912
90731
82541
57916
39605
57914
32201
54789
54781
54787
54785
76781
76787
76786
15122
57521
76789
15128
15129
38060
54011
48711
98228
45964
79740
54611
99337
47802
45962
24351
62102
18751
18754
76324
18756
98225
18758
69136
69137
98220
21120
76252
98221
69132
57011
57915
15495
15492
15498
88691
51799
93769
86111
86110
82171
70465
95865
88645
95869
82281
82280
11490
57496
17653
76812
76817
76814
08632
06995
51311
24642
60201
60200
60203
60205
11785
11786
73310
06421
06423
19799
90846
15121
82599
51171
10811
19645
51773
27201
96714
57698
57699
57128
57129
57126
30301
57696
57125
57122
57123
57120
57121
90934
90935
90936
90937
42697
90932
90933
36350
42698
42699
90938
90939
06222
06221
11675
02711
80600
80605
57232
57233
57230
57231
57234
57235
85251
12784
18290
57349
57343
80198
57331
93835
93831
18990
80516
02514
36758
60424
60427
02512
06426
80282
42744
42747
48478
45999
80999
14829
27454
48470
45991
05888
48473
45770
85744
80995
45997
46955
46954
95715
46956
95713
46950
62590
57787
47800
96840
45960
21690
11928
11929
90718
90719
54826
54825
90710
11925
09522
54311
54313
54315
70401
54319
21241
03315
18213
99104
54796
54791
18697
46915
57907
39610
54799
54221
54223
36625
15804
15803
54229
15151
15150
15152
76796
76790
76791
48707
48705
48702
48700
18320
15799
33107
33104
96705
66320
76334
76339
76241
76247
39447
91718
92889
79314
79316
79420
79427
47720
47723
88387
57420
93710
82161
93716
51785
70100
12411
95896
79221
36763
54401
36762
79229
95870
95871
82291
88388
45741
06500
88898
73495
73497
51301
76800
76801
09701
54603
24655
90786
60210
27796
45749
24221
54604
73304
73305
82333
73302
73303
88251
51767
51765
82337
51761
82344
82345
82342
82343
57338
57118
21660
57111
57110
57117
52410
46721
90941
57948
80616
90942
80610
90944
90947
90946
90949
90948
79248
45805
21997
57599
67331
57597
57596
12798
12799
27301
57758
57209
12792
12793
12790
12791
57751
57750
12794
57752
16650
98214
98217
98216
57571
57570
57572
80180
98218
98185
57635
98187
98186
98180
98182
21201
93845
57901
09402
80501
80050
60439
36725
90953
36729
79360
60431
90950
02500
57632
90894
90899
42732
54495
54493
62347
62344
45700
62348
57633
54499
54498
21441
95702
95703
95704
95705
95706
46941
99102
99101
05631
05630
05633
90959
11910
02223
57630
42645
90768
54819
42641
12335
12336
90762
54816
48241
09531
57661
48025
70430
33355
18202
18200
57662
05982
94739
57971
57970
57973
57666
57975
54913
15819
14815
33775
09331
70321
54256
54259
15814
80989
85806
48732
48731
48730
48736
48739
18331
45943
45941
47861
57801
45946
76497
76495
57808
62165
76308
76307
76306
76305
76304
76303
76302
76301
76300
76475
76476
57749
54105
54107
54101
54103
98171
54109
14761
62010
95923
79309
79300
98206
69114
93702
93701
82114
98202
88220
24799
15369
24793
80830
24791
12401
24797
24795
24794
80990
79234
79235
76273
76272
76271
76270
95843
57935
95841
19461
19462
57307
67475
57690
15214
51375
15213
15210
76870
80747
76875
60157
98089
76876
27402
98195
57835
94802
57691
57837
98190
19201
57939
06400
88499
76904
17640
76901
76900
76902
85198
12651
36617
82339
98224
51757
90818
82331
51759
98199
51201
51203
79892
79893
16897
16899
52400
52401
90952
19684
19687
90951
90956
90957
19683
90955
90958
21050
19689
19688
11699
85423
11693
11690
42431
98179
82247
82241
57748
82242
57211
98174
57740
57741
21237
98207
21235
98205
69112
69113
47892
98227
98208
93858
67250
60403
60150
60401
60400
93852
93851
93856
98198
93855
09435
02530
86675
21599
57105
57107
57100
57101
57103
90884
90888
85341
57109
54487
54489
62375
62374
46973
46972
46971
51251
46977
46976
46978
51257
38455
54805
60711
98222
54803
11390
54809
85340
57360
57361
09509
90779
57364
53689
57367
48250
57369
09507
48257
14798
05997
70428
79292
70424
18231
70420
70421
14797
94707
94705
62714
94701
94700
11732
36495
57963
62483
57964
57965
02712
70332
33761
02717
09344
09611
02714
18525
54249
08742
45710
08741
45711
18650
18300
33441
62157
48729
48725
09221
39050
48722
76488
57817
57815
62390
57810
76480
76481
62399
62398
57818
76487
76319
21300
18782
18781
79157
67050
21902
76467
76464
76465
76462
76460
76461
76468
86631
54110
03116
03445
24492
03115
03442
54119
14774
14775
79331
79339
98184
15998
15997
15996
15990
94899
79449
88411
33445
88414
88419
82102
15424
15354
15421
24781
82104
04900
93732
15359
76260
21732
76262
79200
76265
76269
80253
91600
95859
95855
19472
91828
92800
42447
88309
88302
85510
76868
24674
24676
76861
76867
27788
88787
10710
60361
79506
57368
73363
12648
73365
57996
76910
76911
80993
82320
51747
82327
80992
51211
19500
11782
19696
19693
03709
19691
90967
90966
90965
90964
90963
90962
90961
90960
85221
88122
80991
42401
42400
57779
10915
10910
27324
57777
57776
98233
98232
93865
98230
93863
57008
93861
21228
69129
93869
93868
60142
60415
60141
57480
57487
36707
36705
36700
57171
57173
11736
11733
86800
82215
80271
96810
96815
54478
62361
54477
54473
05610
33111
54873
33112
54875
90740
54879
60705
60706
60701
94702
90985
69004
42660
57399
90980
57127
57394
98194
12356
57390
57393
12355
33338
57697
09990
54610
54613
54612
70455
54614
54616
94718
11590
57952
57950
48534
54583
69003
54585
54587
57958
57778
85770
85392
09603
85775
33759
45720
54277
54275
54274
02700
02701
54903
90931
18646
18644
18645
18642
18641
03727
88326
18648
18649
48759
62141
62142
54293
57386
39500
48753
54299
48757
18794
18797
18790
18792
57824
47840
45920
45923
57828
18798
18799
18220
17645
80310
90752
95831
09347
67260
54245
76101
76100
54123
54121
54125
03121
03126
03124
79321
14741
79323
79324
79329
24261
15697
90754
47718
31401
88424
47711
88421
12421
82137
48831
82135
82133
82131
57608
76294
76297
76367
30401
95824
04801
04800
76852
98204
24322
57600
51428
51359
51425
51427
51421
54341
51423
96780
24441
27799
95919
95918
19051
95915
95914
95917
95916
39250
95910
95913
95912
82793
57463
73421
73352
73359
12635
12636
88759
79388
21355
76922
76921
82313
76925
76924
65101
51229
57469
82489
45894
57347
69175
32400
53700
60391
95907
90970
90971
90972
90973
90974
42419
60399
90977
57766
95905
12748
85219
57763
12744
12747
12746
12741
12740
85211
24451
98201
82261
10920
24452
99332
69138
98229
93876
57016
93879
21785
57015
69130
69131
57010
45951
17697
17699
17622
57819
42701
42703
52190
57497
57498
57499
18622
17413
11726
57163
57161
11721
80243
80244
48632
60429
48631
05600
33997
54469
54464
54463
54461
21369
21499
18629
21490
99241
67505
21366
54863
33100
54861
33106
54867
69176
42899
90782
42890
57387
57384
57385
57382
57383
57598
57381
18496
54608
54609
18492
70442
09700
70440
54601
54606
54607
09707
54605
57940
57941
57947
45806
45807
04641
54591
45803
45801
08765
08761
08762
08763
69165
45730
54269
18819
57514
80337
54919
54261
54264
54265
54266
54267
85408
54731
69160
54739
54284
54285
54283
54281
48742
24302
82305
45938
67280
45932
45933
57836
27401
57831
05863
03601
02600
30101
45998
47891
47890
03131
47899
04630
24491
33895
33467
09323
14823
09321
92821
70311
88433
47764
16861
18100
82121
82122
82123
21325
95716
19753
90743
67495
19750
79265
95712
91802
91801
91800
31301
95833
73500
95710
95837
57993
57991
51349
62455
51341
51347
17610
95908
95909
95906
39220
95904
95718
95902
95903
95900
95901
82789
73347
82780
82783
88210
98189
88743
88749
82303
82304
51231
51232
51728
79700
19452
90866
51721
51727
51725
98211
98038
52291
52290
60388
88416
73230
57711
57710
57713
57712
57715
57714
57717
57716
57719
57718
12755
12751
82278
10935
10930
82271
82273
16995
16997
93889
16991
57023
57022
93887
57020
69145
69146
11920
90699
98212
88260
80254
85375
82163
54533
85370
24785
80258
90711
11713
88104
11711
24787
11716
11714
24780
57626
57621
57152
57151
57622
57444
05672
57442
48355
48354
96835
54457
57448
54455
48600
46902
21373
21370
46901
46904
16843
54859
54857
51355
54317
33131
48795
70509
70508
70507
70506
70505
70504
70503
70050
70500
09719
18487
09711
09715
24050
48793
46830
46831
45832
48510
45834
08711
08710
08712
36699
08714
36695
36691
36050
85794
85792
85790
48408
54703
54702
54701
54700
15740
54705
54709
18667
18660
45907
45902
33795
33794
16990
36401
33998
05813
05814
57847
05816
18240
67474
70471
69140
08624
57021
76439
03411
47881
24200
24202
12995
47952
47953
67390
62050
14727
30201
76720
79050
76050
70650
06716
06713
06712
47774
39611
15410
15411
15412
91820
79270
79271
02730
88357
88359
85377
16697
85116
51401
15251
15802
90917
24421
95931
70492
24424
73403
73402
73401
73404
51399
90911
11691
51241
51243
57149
51711
51718
24735
19423
24731
19424
39120
95808
19883
19550
19881
15221
19885
57624
73240
16611
60376
16615
16614
57702
57703
57700
57701
57706
57707
57705
57708
57709
57620
14704
57623
82201
14703
82202
51880
69159
14709
21901
21900
57520
14700
69156
69157
69155
65411
57446
17678
03364
17677
17674
17671
80226
54453
48708
57140
57141
57142
14708
11700
57145
57146
57631
57456
46936
48348
10725
57449
53711
96825
57458
48341
91858
60750
33101
54848
36461
60590
54841
60599
33126
80681
57030
57031
57018
42611
80130
48504
48505
48506
48500
48501
48502
48503
33499
48508
48509
18473
17706
17704
17705
62449
62447
62446
36996
36997
36995
08702
08703
08700
08701
08706
08704
02750
18879
08708
08709
05392
54445
54447
54441
42101
85102
48760
18618
15884
15883
54719
21701
48769
54717
18614
54713
45913
33788
62661
33785
62190
18587
33783
57858
57859
57856
57857
70460
33301
33650
09723
09722
18901
90778
03401
76428
76429
18723
18050
18729
03390
54159
15649
15648
17806
27775
17808
54151
15641
15640
24685
14735
03711
03712
98210
67344
06700
06703
06705
88505
27502
15463
15462
15396
15466
79247
79244
79240
70502
85446
08705
91869
48452
88345
91866
85781
95924
95925
95926
95927
95920
95921
95922
39200
95928
95929
88905
88900
85122
06900
51385
32200
54203
86375
54200
12600
88767
88763
51701
27299
51703
51705
51707
51709
95813
24722
24721
95818
82473
98012
12775
12772
73252
73253
42444
73255
57737
57736
06050
57731
21126
82211
54273
76144
57284
94835
57289
57273
36217
17643
60101
60104
85310
90839
80235
85213
90836
47900
82506
82505
96789
96788
82501
57603
11772
96781
57606
57605
57604
21350
46921
46923
57467
19690
57465
06600
48373
48371
90968
05651
57193
36220
57191
57196
53831
16868
42620
90783
79800
79803
80447
45691
45690
57517
57516
57515
10601
57513
57512
57511
57510
85406
80695
57519
57518
54893
45850
54891
90730
54895
62290
62291
54547
70207
57998
62459
62456
53630
53631
62453
62450
70381
21759
54947
27050
54949
08733
08732
08731
08730
54431
54437
80323
06250
85811
15891
15892
54761
18603
48797
18601
48790
54767
48792
57865
05834
05832
57861
57860
48405
48404
48406
48401
48400
48403
48402
79104
99452
09733
70499
54389
09737
54387
08602
70497
08600
54383
08533
54381
54380
76386
18734
03700
54163
18730
15090
54169
14707
14706
54367
54366
54361
54363
15659
15657
03363
15651
94844
94845
94840
94842
94843
27561
09931
03763
76703
76702
76700
76707
76706
76705
27432
47996
15387
67352
15381
15383
98231
47998
08999
08998
39320
57009
08997
08996
08995
79251
79252
79254
79255
80994
85881
33241
76417
76414
76412
02510
36749
06606
06609
06608
03210
76897
76895
39210
15075
27756
54213
27755
47754
32101
79492
57843
79490
79491
