24311
24642
02530
57750
06623
64590
54200
54201
54207
06625
54205
24799
57351
24793
80610
79335
24797
79331
79330
98000
24261
85221
27201
54339
54337
54333
54331
31108
12651
31105
31106
31107
31101
12659
90711
79203
79200
79206
79205
36661
21301
21300
42101
94817
90718
94814
94813
94812
94811
94810
54203
14735
09990
80105
57234
57235
57232
57233
57230
57231
85510
16384
24881
21761
09221
03260
98256
57337
14823
82892
82893
15804
15803
15802
54441
79050
57718
54445
54447
98253
98252
09201
09209
98254
48753
11490
92897
48757
57163
57161
54701
57498
57499
11700
24795
45806
45807
45805
57496
03711
03712
45801
80107
57018
16764
57016
57015
32101
32100
57010
57011
70332
57789
21237
70483
70480
70481
57782
48241
57780
70485
45932
45933
66050
98166
21785
17808
21260
46915
57331
57300
57306
27111
42300
95916
42698
42699
46721
17413
36461
10725
76412
51311
48531
19679
03871
48534
11928
11929
82400
11925
11920
90740
51799
54845
67495
96781
18819
47774
47775
17706
17704
17705
47952
47953
51261
46681
46683
54841
03900
39447
76273
76272
76271
76270
82313
82311
73359
95769
16681
47881
95760
95765
15121
15122
17635
17630
15128
15129
19452
18331
16611
16610
92821
12798
54700
93765
14815
48354
15814
48357
54437
54431
05433
05432
05431
05430
54709
03326
24300
24302
24650
88763
57405
80989
60050
54231
14775
82242
79329
54789
54787
24781
54785
09301
24785
54781
24787
88360
88362
88363
88365
88499
53615
57023
57022
57021
57020
21228
33759
57847
45907
57815
80605
79449
46902
46901
57332
46904
21355
57449
57448
33331
70050
57339
57338
94808
03101
21602
94806
94800
94801
94802
94803
02450
54831
15605
15604
62344
62348
70451
76885
70453
76887
14707
14706
46830
14704
57661
14709
14708
76888
24892
33241
62745
62743
79198
03210
90909
90908
36217
90901
51271
90905
47746
90907
76265
76267
76260
82300
82303
82304
76269
15390
69003
95753
95752
15150
19424
36795
04800
51473
51470
70122
73230
30401
46979
57151
05982
46978
62232
62233
17677
45832
45834
90699
98257
57360
36149
57361
18487
54937
57364
12720
12725
98205
18648
54151
54157
98260
98261
18640
54159
98264
98265
18644
57711
67312
60473
67311
98259
60474
60475
82521
80235
99190
80230
57705
18240
57716
76400
90874
90877
51301
19602
19608
82415
21325
99530
04605
51787
12701
12703
12702
12704
12706
12201
92886
98247
18622
18623
92882
21820
98240
92881
19717
18629
19713
08999
19711
76335
48250
67371
60415
60417
82215
60419
82505
47780
54322
98038
76427
90940
09107
90811
51321
51327
51328
90818
33131
82433
82436
18390
11935
11930
09445
15221
02510
02512
02514
27533
24629
32400
80100
54261
54591
54264
54265
54266
54267
54268
06608
79314
48025
79316
79313
85198
79319
10940
42899
42890
27995
54868
12679
54863
12676
54867
09518
79221
06815
06810
09517
85484
24616
94835
94834
94831
94833
94832
03390
82989
88645
02261
14829
16362
45790
45791
60241
05771
62150
82789
02601
24751
15826
15821
57779
54469
80615
54464
57778
15829
54463
54461
90710
12050
62398
80050
90719
09222
60791
09733
09737
08604
08602
08600
57100
57101
57103
57105
57107
57109
85746
52190
62241
11721
62247
12712
85981
11729
16741
82050
57932
39605
57817
57766
70311
91843
57761
57810
57763
45950
45951
45770
57818
57819
82182
79492
57369
79490
79491
46973
46972
46971
46941
46977
46976
57367
21295
82373
76925
76924
05600
76922
76921
54328
27211
54859
54857
54323
18652
54325
54327
76306
79236
79235
48324
79231
11492
57273
76303
76302
08765
08761
08763
80315
80310
18496
18493
18492
54928
57935
18499
18655
16642
76308
76307
19705
76305
76304
19700
19701
76301
76300
67301
88419
82531
57947
80226
57941
69134
69136
69137
82885
82889
82888
69131
54453
85211
54457
54455
05410
05413
45803
09217
09219
24322
88749
02500
15491
27502
27501
54217
54211
54213
06611
54219
06619
57420
79309
79303
79300
88345
98012
33775
57798
57828
33770
70321
70492
45925
45924
21200
21201
70499
42200
42203
42202
15719
15712
85442
85446
85444
57314
57313
85251
33353
04611
33350
42447
42444
94823
94826
94824
65411
14727
57221
86631
57223
57222
57227
57226
57229
60257
85505
60250
60251
15455
51257
51912
47764
51251
05688
54401
76790
73363
39120
76241
76247
76796
73365
57423
05899
05898
57934
95775
95774
47899
95771
57788
95772
47892
47891
47890
36691
57786
15131
17622
16831
57787
36699
21235
85213
57785
57171
39050
36050
66221
57834
11675
62250
11716
57487
11714
62254
62255
62256
62257
62258
19690
57781
03700
88426
57009
57008
39610
39611
11390
85219
57608
57606
73302
73303
73304
73305
57600
57599
57598
57597
57596
45964
95713
95712
95710
95716
95715
15110
15112
19461
51434
19462
70160
57480
94718
57111
57110
57117
10601
57975
11736
57971
57970
11733
11732
03726
42641
42642
21660
36207
85738
57571
57570
42799
42798
42792
42790
54110
79800
79803
18603
18601
76350
60439
67357
51761
67352
51767
60430
51765
70437
48478
85241
48470
48473
17806
88743
90839
51349
18730
57207
18734
51341
19645
51611
70348
96705
96702
57621
11910
82296
82294
82291
57359
57211
95920
95921
95922
95923
95924
95925
95926
54249
95928
54247
54245
12100
70449
90938
09402
09401
54603
88602
51727
95818
54803
54805
27733
54809
48315
18513
88281
24421
24424
90801
16990
99241
27421
91820
80348
94851
94850
21050
33499
69129
57915
02712
02711
53733
79167
57827
21901
06995
21902
15441
15440
57444
21122
21120
21127
65201
15599
88428
93732
15591
15593
15592
54487
53607
53604
06713
06712
53609
53608
54489
90730
90731
90736
90737
09718
09717
09715
09711
08624
08622
24351
57824
76438
18703
90828
91855
90827
90825
51331
90823
90820
51332
51625
82425
48795
48797
48790
48793
48792
57415
11663
57790
15213
15210
57793
15214
51241
51243
57792
57618
57619
57614
42201
57616
18771
57610
57611
57612
45920
82331
76781
76786
19684
11344
82338
76789
57796
95702
95703
95704
95705
95706
15104
57433
36995
51401
54875
85050
54873
12600
54879
09509
48300
54050
18525
09507
06801
06800
88104
67211
08742
08741
08744
08745
27454
54903
08749
92891
54123
54121
54125
76325
18631
92892
98255
92894
51759
92896
51757
98258
18638
60403
27050
60401
60400
05888
36707
57624
24767
54478
15855
15857
06700
15859
54473
06703
06705
54477
80600
90705
90704
90701
57707
80595
57622
09231
09720
24619
08632
24614
36700
54585
54587
57141
54273
54271
54275
54274
90971
82201
09435
79364
09344
09347
57708
92878
57709
92872
11641
57776
11643
11642
82198
45943
57808
45941
05997
82191
45946
82193
45760
62010
11791
85423
17997
18100
57375
04630
36729
76910
76911
05610
94840
47996
94842
94843
69130
94845
69132
69138
02700
02701
02702
53724
16615
16614
12335
12336
15451
15453
45960
45747
45962
45741
45740
57284
57289
45749
45748
85406
09871
86700
57350
57356
60366
06100
60361
95833
05631
05630
05633
42401
42400
51945
69112
69113
69110
69114
57220
65101
53700
24721
85507
21112
19301
05589
21111
46682
57625
57522
36705
57626
76750
57620
57623
57031
73328
21880
18995
86375
18990
18991
95730
95733
45985
33104
57139
57131
57130
57133
57132
57135
11751
57137
57136
57912
46980
11757
11755
94739
42623
03742
62459
03746
03745
62452
62453
62450
11754
62456
62455
85713
02900
42620
57758
57754
76800
76801
70365
70364
85377
62102
76376
18370
76375
76372
76373
76370
19753
19752
19751
19750
51705
51707
51709
39210
73500
17651
48452
48453
18758
82383
15319
15317
18751
15313
18756
82327
05434
39500
82473
93889
82271
76791
82278
93887
17751
17752
47900
11442
82320
85390
79358
54717
88399
88398
54713
79352
88391
18401
79357
18403
54399
95831
95837
54829
54826
54393
54395
54397
88900
12635
12636
98198
88905
27390
08733
51385
08731
51387
27399
27402
21240
27401
21241
70207
90851
70201
98246
62261
94702
94701
94700
94707
90836
21476
03750
42631
03755
62469
15050
62462
36758
85723
15697
91869
70371
06222
06221
57740
57293
57294
57295
57296
57297
57298
57299
45750
45751
85438
33779
09861
98245
46950
46955
46954
51701
57349
76904
62483
51703
76901
76900
60355
76902
42411
51975
98242
51359
69165
51601
47861
51355
73404
73403
73402
73401
17697
82443
17699
82441
90860
57173
82281
73050
76239
57632
57633
57630
73310
10500
57634
57635
98174
95729
42744
39390
95722
95720
95721
45998
45999
21441
11693
11690
45997
45990
45991
98171
16650
51425
51427
57129
57126
51428
57125
57122
57123
57120
57121
33050
54811
54816
27721
54814
54819
57950
27729
80282
57925
06820
88122
57189
21490
57383
99238
57891
33755
54101
18618
54103
54105
18349
54109
18614
18341
76341
57384
51773
82389
57385
62326
18290
15075
18723
24701
02654
24703
93702
93701
88412
88411
53630
80624
54495
54493
90728
54491
57948
90726
54498
33224
48100
09701
09700
09707
24365
57257
88257
88702
88251
54259
95931
95930
47754
54257
47755
51203
16597
88387
95805
96820
99341
95808
15891
90743
80648
90747
90746
19411
21259
48120
48121
82371
66321
95919
95918
57334
66322
95911
95910
95913
95912
95915
95914
95917
70421
24491
24492
57604
70422
57603
32201
54705
54703
54702
48050
12799
12794
36695
12792
12793
12790
12791
91800
95824
82273
54839
54389
27709
54383
54381
54380
54387
54837
69004
33225
45720
69001
62050
57794
09851
88951
82222
70509
70508
70503
70502
70500
70507
70506
70505
70504
94804
05651
09109
60142
09106
09105
60141
09103
69175
69176
33467
03343
03342
88505
85881
06050
47802
15410
15411
15412
54527
33894
33895
24722
33896
62347
76772
76773
57641
05834
05832
76775
70650
85601
85602
82137
82135
82133
82132
82131
06300
79420
57931
57394
57933
57424
57391
57390
57393
57392
03762
57209
57429
57428
21620
21621
14700
79505
85770
85777
15666
05863
15663
15662
54715
57698
57699
70341
70340
79731
70342
70345
70430
76823
16720
57737
76827
57735
04601
76396
76390
76391
51728
51729
19770
51725
51721
67390
17791
90969
90968
90967
90966
90965
90964
90963
90962
90961
57501
48431
48432
57724
76488
19689
86800
76481
19687
76485
19683
76487
47812
47811
57118
47817
06900
73450
47818
32311
36617
48725
57973
48722
51499
18882
48729
93865
93863
93861
36295
33124
98244
93869
93868
90981
90980
90982
90985
36728
90986
36725
36721
14798
03601
02730
14797
53711
88619
79104
24392
24391
24390
15466
12301
15463
15462
54537
85370
21101
09603
90900
15869
93710
24717
93716
76101
24719
15862
90752
90754
90756
48116
60750
73347
95908
95909
95906
95907
95904
95905
95902
95903
95900
95901
57926
27499
57437
57923
52400
52401
57382
42341
57381
57386
57387
21499
42611
62446
21651
62110
85706
57831
80992
82305
70424
57729
57572
70420
06200
70350
57720
57721
91801
57723
70428
76812
21257
21256
45730
33231
12734
03512
03511
86713
60376
80305
42431
98219
69101
69102
47800
19693
48599
19691
19696
36607
73421
76100
36601
51171
98217
93876
82261
11785
93879
11782
15251
15090
80990
05820
05821
05822
05823
70641
70643
18980
18983
17602
54119
67328
82121
82122
82123
15781
52390
08732
52399
90768
08730
80495
54011
76357
79295
79297
42990
98184
42997
42996
42999
42998
08706
08704
67250
08702
08703
51399
08701
08708
08709
27411
16811
27799
76361
76362
76365
76364
19760
57152
51711
90978
90979
90974
90975
90976
51718
90970
80201
90972
39200
99102
99101
99104
18743
18742
82399
15321
80245
80242
18545
57515
18231
93808
67272
18782
18781
57900
57901
11742
76386
18300
98263
90958
90959
39220
67475
90952
90953
90950
57518
47718
47719
90954
90955
90888
18765
18769
15349
90884
82254
88691
62467
90763
90762
21393
54349
54611
54610
54613
54612
60705
60706
54616
36491
09050
79252
88210
12995
54299
99410
27588
54726
54721
85122
12775
12777
09455
79384
10930
05320
10935
38060
27299
45923
33998
24704
27766
14699
90936
82599
54933
57442
90939
05672
57791
33111
69157
33445
69155
33115
69150
69151
03364
39810
90783
90782
03362
24050
95718
12356
15437
12355
12421
54505
51831
54500
51834
54509
06679
18649
70376
88326
88452
88450
48095
48632
98187
48631
98186
57889
57741
70381
57881
98262
57887
82114
18641
82111
57795
19201
79400
06322
06323
36201
06321
57748
45890
57749
45895
45894
45896
62141
62142
21605
21350
21603
08705
15649
03411
15641
15640
57797
08700
70415
70414
57715
06250
14740
76840
57710
57713
57712
76844
57714
57717
57240
57719
45700
33201
60233
54283
54281
54284
54285
98089
54731
12784
27555
95859
27556
95927
95855
92800
96815
95929
27774
27775
80255
80250
57347
18220
79285
18798
18799
18794
18797
18792
08711
08710
08712
08714
46956
46701
16868
57605
57368
16861
16867
09911
09912
02201
02750
70476
33794
54519
51801
21690
76461
21599
54517
54515
24730
80616
15887
85281
60354
54608
54609
54606
54607
54604
54605
54602
54351
90778
54601
30101
16722
45886
57410
45885
57417
45880
45881
57418
57419
45888
36996
36997
62420
03401
85765
15650
15651
15657
88414
79704
79702
79700
90878
57706
47862
70401
57702
57703
57700
57701
91828
90973
76838
45710
45711
33213
33211
21701
91802
95813
57907
12212
60399
33106
33107
60157
99152
90798
60150
33100
33101
90795
90796
69160
90791
94899
36625
17656
52590
67505
17652
17653
73440
17658
32300
48736
18899
48732
48731
82241
48739
48738
93852
93851
93856
93858
45860
45863
31401
76761
36755
11899
32411
32410
48600
42701
70398
54961
57898
11590
70391
57893
57890
70395
16697
82102
82103
82101
10915
82280
79411
17671
76144
17674
73469
17678
93831
82221
93835
80714
15291
33898
57985
57986
15295
45842
57989
45840
33897
33892
33893
57696
57697
57690
57691
76703
76702
79506
76700
76707
76706
76705
79503
57505
57506
57507
57500
48624
57502
57503
57050
57508
57509
57875
57523
98234
57871
57872
98233
57188
82161
82163
15740
57180
57181
57183
57185
80993
57479
80991
76339
80995
80994
57471
80999
18213
11726
98241
76332
19638
90846
51103
67050
54987
27100
66501
66502
36401
79892
79893
18859
18320
92889
90943
57631
31201
36225
60480
36220
90931
90932
90934
90935
80501
90937
48401
48400
48403
48402
48405
48404
51229
48406
11443
73394
48257
82214
90700
24791
85811
06609
82211
54367
54366
54361
82501
80518
79278
79272
79270
80198
24451
24452
24101
98128
54749
54969
85102
54741
54745
12752
33338
12751
10910
54187
57996
98237
98236
98235
06400
95865
98232
98230
95869
98239
98238
88050
80261
82571
30201
03232
03231
19785
24794
54419
60104
54413
54411
60101
57914
36762
03301
04900
57128
24674
24676
24672
21997
57127
12401
85320
90810
09323
21242
09321
21900
88302
54415
47711
60499
60495
19799
39250
90944
90947
90946
90941
51231
51232
90942
90920
11713
90948
90816
82344
82345
90951
82342
82343
90956
57930
90957
15351
90898
90960
15354
47835
47834
47836
12746
17643
51121
51126
12740
48702
48700
73270
93848
48705
93845
82231
82232
82234
47801
45875
45871
76719
36749
76710
05814
52291
57662
57665
05813
57666
79395
54751
88198
54972
54757
54197
10920
54193
54191
98225
95874
95875
95870
95871
98228
98229
27756
27755
15594
82561
80270
18202
18200
51050
16991
51052
16995
16997
76444
98206
76440
54997
48568
54995
54993
73495
73497
53600
18848
96780
96789
96788
18843
09931
67331
51828
53998
15421
60453
15424
24626
04801
09331
80695
24221
90977
27433
54379
08997
08996
08995
03709
60711
57801
12690
06600
79246
79245
79242
80180
99406
99405
21724
99400
57800
90739
33301
85340
33650
06606
21341
57228
05499
03132
85742
85744
60701
15637
60703
54107
91858
70460
70462
33783
14774
54614
76852
88309
54341
57275
62714
21720
18342
51919
54409
54407
51915
05689
51917
54403
69140
60130
39801
80818
69146
30301
06799
24780
21366
62175
04641
03116
05392
03442
03115
21369
03445
62375
15612
15611
73100
15619
73101
70442
67327
70440
76870
76873
76876
60205
60204
60201
60200
60203
57952
03201
03206
47840
90945
48506
60110
85261
57497
03330
19550
57149
51441
57144
57145
57146
57140
73240
57142
57143
42050
93814
82202
93813
93811
14741
98251
45820
45821
45822
45823
90949
96717
47998
76720
85781
57030
39310
57520
54861
57521
57856
45913
91889
82142
82143
82141
46936
57454
79381
18431
57329
57458
60599
60590
76476
73111
76473
73112
02652
10705
90861
10701
79225
02651
90899
18697
18879
57134
90918
18050
90917
76050
51201
19051
19500
90911
67102
67100
66320
76294
76297
15387
15381
15383
18901
85806
10715
88950
17610
90894
53831
80530
54303
54301
54307
54305
54309
12648
27788
48341
08541
48348
99452
57615
27301
92980
54761
54947
57617
54767
80449
54949
16897
54163
06421
04980
06423
57613
16899
54169
06426
08302
82793
60448
54893
54891
82333
54895
48200
33997
18587
48707
57517
57516
95799
57514
57513
57512
57511
57510
36495
95791
95797
95796
57519
95794
33996
82339
57865
86112
57861
57860
33451
03050
82172
82171
57193
57191
85482
57196
85480
85481
19883
19881
46921
19885
46923
57463
57467
57465
33341
03439
21373
21370
21371
24771
03121
62361
03125
03124
57777
69194
15624
14761
86675
70471
76863
70474
38455
60210
47724
47720
47723
76511
99151
51211
90925
82361
88898
80130
57784
48769
19403
51451
51101
48760
36309
70101
70100
73252
73253
11441
93828
73255
57993
57991
57990
45850
33889
15998
57998
36763
76735
85792
85790
85794
80324
51905
12749
12748
36350
54771
54952
54953
12747
54951
12741
54957
54778
54955
54175
54177
54171
57783
15990
38050
18667
18660
54889
98201
82780
82783
54881
54883
99334
54887
11711
33112
80210
80212
82541
57928
33441
31301
90786
76462
24685
76460
19624
57929
51671
76464
76465
48500
48501
48502
48503
48504
48505
54357
48509
32200
88220
69159
12411
54229
76319
54221
85310
54223
54799
54791
53689
88310
24200
24202
98226
54311
27798
54313
54315
54317
54319
33761
27796
27797
15997
15996
79265
79264
24683
48373
98222
48371
24688
06500
27215
79268
08533
08532
57751
24441
08841
