45740
18499
82292
82293
54599
45803
62300
73495
95744
51265
51262
95743
11910
90726
82191
82192
85781
99099
82445
95771
06700
82226
45938
82222
82221
48599
88398
82291
51762
18390
82346
21105
17653
46720
36202
90940
90943
90942
90944
79909
90949
90948
90824
90825
14750
14751
90820
12799
12792
12791
79505
95790
82121
82122
80994
82126
90893
90892
90891
90890
90897
90896
90895
90894
90899
80110
21320
45841
45845
45701
73499
95700
95703
27995
82399
95707
95708
88998
82392
82391
85507
90768
85505
82785
82786
19620
14780
57878
57879
82303
82304
19750
17615
90861
90869
85480
85102
46997
76305
82271
82272
16997
16990
54100
90501
66260
90503
90505
90504
90509
90508
45795
80150
82172
82171
21484
05672
48601
82051
46901
20770
24799
24793
24797
24794
76339
10660
76271
79231
70507
70506
70502
42888
70371
09871
88314
21470
95732
82189
76301
90957
45930
18980
09001
82231
82232
19700
82331
21112
21111
21116
21117
21115
15529
21118
47880
90952
90953
90951
90956
12995
90954
90955
90959
90819
90818
80210
90811
90810
82246
82241
27311
95788
95782
95785
95786
36732
36309
36731
80100
36735
90888
90889
90884
90885
90886
90887
90883
36495
45710
73100
45870
36997
82389
46870
46875
82146
82142
82141
36201
70122
70340
51399
57880
51718
51499
82684
82681
82682
90854
48049
90852
45954
45957
45951
76319
27215
33996
76310
33998
27350
82202
90877
21900
46625
15519
03445
17673
90929
90973
24392
24391
90925
15998
15997
76215
76214
76216
76213
82102
27775
82101
21260
20760
10611
79204
80136
45824
48505
45761
48500
45821
09861
45828
19799
36995
82429
95720
36900
90701
45614
03900
11935
11930
18995
90976
18990
17677
48001
57858
57859
57857
27390
19770
82081
82084
82326
82324
19500
17635
21127
90804
90805
90806
90800
90801
90802
90803
90967
90966
90965
90964
90963
90962
90961
90960
27454
48489
76320
79230
21228
79247
46700
46662
09218
45860
09217
21257
21256
46681
51799
21259
90745
82082
54971
54972
48300
90980
48305
09106
09105
09103
09851
06900
70451
46731
80895
39646
82289
45813
95752
90898
05689
18432
06995
36217
42560
39500
73250
90844
90845
05875
45889
90822
46735
46737
76101
46732
90934
90935
90936
90937
90930
90931
90932
90933
90938
90939
14740
90834
79281
46749
88990
82502
57600
95705
46921
90969
90968
36220
20753
20751
82132
20755
90782
80120
45998
45999
80999
80992
05888
70311
80995
45997
95717
95712
95711
46814
95718
82433
36912
45601
45603
90718
45605
45606
45607
11920
45609
90717
82161
45969
46691
48791
48793
48792
48405
48400
79104
99451
99452
70499
60499
15090
90978
90979
90875
54009
48700
90876
90879
90878
54006
54007
90974
90975
60399
90977
66320
82542
82541
76707
47995
76242
21785
88505
47998
80495
17699
46679
82131
80241
33997
46694
46692
46693
21241
46911
15075
33106
33107
27756
27755
79223
09445
42896
79491
