18499
82292
82293
54599
45809
62300
73495
15200
51265
76800
51262
11910
82191
82192
85781
99099
82445
95771
82226
82222
82221
48599
45936
57938
82291
51762
18390
82346
17655
21105
17653
91834
46720
36202
90940
90943
90942
90944
17677
90949
54135
15100
14750
14751
12799
45800
12792
12791
76233
79505
95791
91838
82121
82122
80994
82126
90893
90892
90891
90890
90897
90896
90895
90894
90899
80110
21320
91803
45843
91801
45841
91805
91804
45701
21599
73499
95700
95701
95702
95703
95705
95706
95708
99101
82392
82391
70391
85507
91861
85505
95908
95909
95906
95907
95904
95905
95902
95903
95901
82785
82786
19620
14780
57878
57879
82303
82304
82305
82306
19750
17619
95923
17614
17615
90869
82571
46997
76303
82271
82272
95918
16997
16990
95915
54100
90501
66260
90503
90505
90504
90509
90508
45795
80151
80150
82172
95912
82171
21484
05672
48601
46908
46902
82051
46901
20770
24799
24793
24797
24794
10660
76271
70507
70506
70502
36201
42888
70371
09871
95785
24052
48793
88314
82455
51271
91847
70201
91845
82189
76301
90957
18980
09001
57939
88398
82231
82232
76900
21470
05811
19700
82331
82335
90982
21112
21111
21116
21117
21115
21118
47880
90952
90953
90951
90956
12995
90954
90955
90959
67390
80210
80211
82246
82241
82242
82521
95788
95782
10650
95786
95787
36732
36309
36731
80100
45822
36735
90888
90889
33499
90884
90885
90886
90887
90883
91818
91819
36495
45710
91810
73100
45870
36997
82389
46870
46875
82146
82142
82141
91888
95931
95930
70122
05997
51399
90948
57880
82704
82705
82701
82703
51718
95807
51499
39120
82684
82682
19550
16597
48049
45891
45954
45955
45951
33997
33996
82201
33998
82202
82206
90877
21900
46625
15519
03445
17673
90929
90973
24392
24391
90925
15998
15997
76214
76217
76216
85480
82102
27775
82101
82106
21260
20760
10611
79204
80136
48505
45761
48500
91820
45765
91822
09861
45828
19799
36995
95729
95720
36900
90701
45614
03900
91857
11935
11930
18995
90976
18990
19600
48001
57858
76339
57919
57857
27390
19770
82084
82326
82324
19500
17635
21127
54010
53999
90803
90967
90966
90965
90964
90963
90962
90961
90960
27454
45963
91786
66502
06700
57859
46700
80276
46662
45860
45863
09217
21257
21256
46681
51799
21259
95924
95925
95926
95927
95920
95921
95922
82082
54971
54972
95928
95929
48300
90980
48305
09106
09105
09103
09851
60399
06900
70451
46731
80895
39646
82289
45814
45811
45813
95752
90898
05689
91827
18432
06995
36217
91802
76373
91800
42560
39500
73250
21228
05875
90969
46735
76104
46737
76101
46732
90934
90935
90936
90937
90930
90931
90932
90933
90938
90939
91823
17997
14740
79281
46749
88990
82502
82501
57600
27995
46921
82399
90968
36220
20753
20751
82132
20755
88998
90782
90784
80120
79213
45998
45999
80999
80992
05888
70311
80995
45997
95717
95714
95713
95712
95711
95710
46814
46810
95718
70381
82433
36912
85102
95919
39390
11920
95914
95917
95916
95911
95910
95913
46693
21241
48791
19610
48792
48405
48400
79104
99451
99452
19760
70499
60499
76382
15090
17601
90978
90979
54009
48700
90879
90878
54006
54007
90974
90975
60250
90977
66320
76332
76335
82542
82541
47995
21785
91787
88505
47998
80495
17699
85612
46679
82131
80241
91717
91874
91875
46694
46692
82161
46691
46911
15075
33106
33107
27756
79224
79223
09445
42896
79491
