18499
82292
82293
54599
46820
45803
62300
73495
15200
51265
76800
51262
11910
82191
82192
85781
99099
82445
60210
95771
82226
45938
82222
82221
45932
48599
45936
57938
82291
51762
18390
82346
17655
21105
17652
91837
15539
36202
90940
90943
90942
90944
24491
90949
54135
15100
14750
14751
12799
12792
15589
05889
79505
95791
91838
82121
82122
80994
82126
90893
90892
90891
90890
90897
90896
90895
90894
90899
80110
21320
91803
91802
91801
45841
91804
45701
21599
73499
95700
95702
95703
95705
95706
46941
99101
82392
82391
70391
82404
85507
91861
85505
95908
95909
95906
95907
95904
95905
95902
95903
95901
82785
82786
19620
14780
57878
57879
82303
82304
82305
82719
51720
19750
17619
17614
90869
85480
82571
12690
46997
76718
76305
76303
82271
82272
45605
16997
16990
95915
54100
90501
66260
90503
90717
90505
90504
90509
90508
95923
80150
82172
95912
82171
21484
05672
60469
48601
46908
46902
82051
46901
46906
20770
24799
24793
24797
24794
79232
76271
79231
70507
70506
70502
36201
42888
70371
09871
10650
24052
46835
48793
88314
82455
48205
21470
70201
91845
82189
76301
90957
18980
09001
57939
88398
06400
82231
82232
76901
76900
57940
82338
19700
82331
82333
82335
82334
82337
90982
21112
21111
21116
21117
21115
15529
21118
47880
90952
90953
90951
90956
12995
90954
90955
90959
67390
80210
80211
82246
82241
82242
82521
95788
95782
95785
95786
95858
15559
36732
36309
36731
80100
91823
36735
91874
17653
90888
57959
79375
33499
90884
90885
90886
90887
90883
91818
91819
36495
45876
45710
91810
73100
36997
82389
46870
05589
46875
82146
82142
82141
91888
95931
95930
70122
05997
51399
79293
90948
57880
82704
82705
82703
51718
95807
70332
51499
39120
82684
82682
19550
16597
48049
45891
45955
45957
45951
76318
33997
33996
82201
33998
82202
82206
90877
21900
46625
15519
03445
24492
17673
90929
90973
24392
24391
90925
15998
15997
90977
76215
76214
76213
76219
76218
82102
27775
82101
82106
21260
20763
20760
12791
10611
79204
80136
80130
48505
45761
48500
91820
45765
45823
09861
45828
45829
46800
19799
36995
95729
95720
36900
90701
03900
11935
11930
18995
90976
18990
19600
17677
48001
57858
57859
57857
27390
19770
82085
82084
82326
15121
19500
21127
54010
53999
90968
90967
90966
90965
90964
90963
90962
90961
90960
45964
45968
10660
66502
06700
80276
46662
09218
46512
45860
09217
46849
21257
21256
46681
51799
21259
95924
95925
95926
95927
95920
95921
95922
82082
54971
54972
95928
95929
48300
90980
48305
09105
09103
09851
45795
06900
70451
46731
80895
57957
39646
90889
82289
45814
45813
57958
95752
90898
05689
91827
18432
06995
36217
91800
42560
39500
73250
21228
45887
45920
16162
90938
90969
46735
76101
46732
90934
90935
90936
90937
90930
90931
90932
90933
15111
90939
17997
14740
79281
15697
17851
88990
82502
82501
57600
27995
76206
46921
46922
82399
36220
20753
15349
20751
17998
82132
20755
88998
90782
90784
79351
76294
79216
80120
45998
45999
80999
91833
91830
27454
80992
05888
70311
80995
45997
95717
95713
95712
95711
95710
46814
21590
70381
82433
82434
82435
36912
85102
95919
39390
11920
95914
95917
95916
95911
95910
95913
46693
21241
48791
95918
19610
48792
91829
48405
48400
76922
79104
99451
99452
82486
19760
70499
60499
15090
17604
17602
17601
90978
90979
54009
48700
90879
90878
54006
54007
90974
90975
60399
60398
66320
10920
82542
82541
47995
91788
21785
88505
47998
45898
80495
17699
82135
36247
46679
82131
06600
46500
46508
91875
46694
46692
82161
82162
46691
46911
82235
15075
33106
33107
79491
27756
09445
42896
46592
