18499
82292
82293
54599
46820
62300
73495
15200
51265
76800
51262
11910
90727
90722
82191
82192
85781
99099
82445
60210
18775
95771
82226
82222
82221
45932
48599
45936
57938
82291
51762
18390
82346
17621
21105
17652
91837
91834
36202
90940
90943
90942
90944
24491
90949
54135
15100
66252
90504
14750
14751
12799
12792
12791
05889
79505
76239
95791
95790
91838
82121
82122
10930
82126
79230
90893
90892
90891
39499
90897
90896
90895
90894
90899
19750
46950
91803
45843
45841
91804
45701
21599
73499
95700
95703
95704
95705
82399
88998
82392
82391
70391
90724
46512
85507
91861
85505
95908
95909
95906
95907
95904
95905
95902
95903
95900
95901
73347
82785
82786
19620
14780
57878
57879
82303
82304
82305
82719
90812
51720
70481
17619
17614
17617
90869
85480
12690
46997
76718
10935
76305
76303
82271
82272
45605
16997
16990
90746
46616
46612
11920
54100
90501
90503
90717
90505
42301
90509
90508
95923
80150
96766
96765
96764
82172
54972
21484
05672
48601
60468
82051
24799
24793
24797
24794
79232
76271
79231
70507
70506
70502
36201
42888
70371
09871
10650
24052
46835
48793
88314
48205
95730
70201
54510
95918
76301
90730
90957
90739
96775
18980
09001
57939
88398
06400
82231
82232
76901
82235
57940
21470
48584
82988
82338
19700
82331
82333
82332
82335
82334
82337
90982
21112
21111
16899
96736
96737
47880
90952
90953
90951
90956
12995
90954
90955
90959
67390
80210
80211
90811
82246
82241
82242
82521
95788
95789
66280
17655
95782
95785
36309
36731
80100
45822
45575
91874
17653
90888
57959
33499
90884
90885
90886
90887
90880
90881
90882
90883
36495
91829
45710
91810
91811
45871
82389
05589
95756
82146
82142
82141
91889
91888
46570
95931
95930
70122
05997
51399
90948
57880
82704
82701
82703
51718
70332
51499
39120
95808
82684
82682
19550
73100
16597
48049
90979
45954
45955
45951
45952
45953
76318
33997
33996
82201
33998
03210
76313
76315
76316
82206
96705
96704
96707
96706
90877
96703
21900
46620
96708
17678
03445
24492
17673
90973
24392
24391
90925
96773
15998
96777
96778
15997
76217
76216
76213
76218
82102
27775
82101
82106
21260
20760
10611
36749
79204
80136
80130
48505
45761
48500
91820
45765
45823
09861
45828
45829
46800
36997
36995
95729
70413
95720
36900
90701
03900
11935
11930
18995
90976
18990
19600
17677
48001
90770
57858
57859
57857
27390
19770
82085
82084
82326
19500
21127
21123
21122
21120
54010
53999
90968
90967
90966
90965
90964
90963
90962
90961
90960
27454
45963
76321
10910
10660
66502
06700
47998
46840
45860
91862
09217
91867
21257
21256
51799
21259
95924
95925
95926
95927
95920
95921
95922
82082
54971
82171
95928
95929
48300
90890
90980
48305
09105
09103
80994
09851
45795
06900
70451
18544
80895
57957
39646
90889
82289
45813
57958
95753
95752
80110
05689
91827
18432
06995
36217
91802
91823
91800
42560
39500
19799
45921
45920
16162
90938
96714
96715
76101
57120
90934
90935
90936
90937
90930
90931
90932
90933
17642
15111
90939
15113
17997
14741
14740
79281
15697
17999
17998
88990
82502
82501
57600
27995
76206
90969
46550
36220
82135
82132
20755
90737
90782
91845
90784
79351
12090
20853
79216
79211
45998
45999
80999
91830
80992
05888
70311
80995
45997
95717
95712
95711
95710
21590
95718
70381
82433
82436
82434
82435
36912
85102
95919
39390
95915
95914
95917
95916
95911
95910
95913
95912
82404
48791
19610
48792
48405
48400
76922
76925
79104
99451
99452
90898
82486
19760
70499
60499
15090
17604
17603
17602
17601
90978
90870
15075
54009
48700
90879
90878
54006
54007
90974
90975
60399
90977
66320
06300
21320
10920
82542
82541
47995
91788
76317
76242
21785
88505
20863
45898
80495
17699
21228
82131
46670
80242
80241
79312
91717
80245
06600
46500
46508
82161
82162
21241
76312
76900
90750
82202
33106
33107
27756
53800
09445
42896
79491
