90881
96782
18499
82292
82293
54599
62300
73495
15200
51265
76800
51262
90725
11910
90727
90721
82191
82192
85781
99099
60210
82226
82222
82221
48599
57939
57938
57833
03601
51762
18390
82346
17621
96720
21105
17653
91834
90940
90943
90942
90944
24491
90949
90948
15100
90826
66252
14750
14751
80201
12799
96798
80992
12792
96797
12791
05889
95799
95796
95791
95790
91838
90793
82121
82122
80994
82126
90893
46640
90891
39499
90897
90896
90895
90894
90899
19750
21320
91803
91802
53602
53601
91804
45848
53609
73499
95700
95703
95704
95705
95706
88998
82392
82391
70391
90724
85507
85505
95908
95909
95906
95907
95904
95905
95902
95903
95900
95901
82785
19620
14780
96778
57875
57876
57878
57879
95771
51231
51232
82719
80211
51720
51331
90811
51332
17619
17614
17617
90869
12690
76306
76305
76303
82271
76301
95918
16997
16990
46616
46612
45790
95915
45791
54100
90716
90501
90503
90505
90504
80253
90509
90508
95923
95910
96766
96765
96764
95912
21484
05672
48601
51470
82051
24799
96784
24793
24797
24794
79232
76271
76270
70506
70502
36201
42888
70371
09871
24052
48793
10935
88314
45836
48205
10930
95733
70201
54510
82189
82272
90957
90739
96775
18980
09001
03700
88398
06400
82231
82232
76901
76900
57940
21470
48584
88220
82988
19700
82331
82332
82335
82334
82337
90982
21112
21111
21115
16899
15529
96736
96737
90952
90953
90951
90956
12995
90954
90955
90959
67390
80210
14720
66308
82246
82241
82242
95788
17655
95785
36309
80100
90888
57959
33499
90884
90885
90886
90887
90880
79277
90882
90883
45993
54489
45710
91817
91810
73100
82389
90889
05589
45780
82146
90812
82142
82141
91889
91888
46570
91882
95931
95930
70122
05997
88990
51399
57889
80150
57880
82704
95765
82701
82703
51718
70332
51499
39120
91815
91816
95808
82684
76368
82682
19550
16597
48049
45958
45959
90979
45955
45951
45953
33997
33996
82201
33998
67505
82202
76315
82206
96705
96704
96707
96706
90877
96703
96702
21900
46620
17678
03445
24492
17673
90973
17849
24392
24391
36900
90925
96772
96773
15998
96777
90453
90452
15997
90977
90456
90455
90454
76214
46932
85480
96799
76219
82102
27775
82101
82106
21260
20760
60590
10611
36749
79206
79204
80135
80130
48505
91827
48500
91820
45823
09861
45828
45829
36997
36995
95729
95720
91851
90701
03900
79505
11935
11930
82291
18995
90976
18990
19600
17677
48001
90770
57858
57859
57857
27390
19770
82085
82084
82326
19500
17635
21127
21123
21122
21120
45918
90806
54010
53999
90968
90967
90966
90965
90964
90808
90962
90961
90960
27454
45967
90417
10910
66502
06700
79231
36495
79242
79241
82161
80270
96810
46510
46512
45860
45863
09217
96714
21257
21256
51799
20790
21259
95924
95925
95926
95927
95920
95921
95922
82082
82172
82171
95928
95929
48300
90890
48305
09106
09105
09103
09851
06900
70451
80895
14869
57957
39646
62318
82289
45811
57890
57958
95753
95752
80110
05689
95810
18432
45720
06995
95819
36217
76373
42560
39500
19799
76773
45884
45882
45880
45881
90938
16162
90969
96715
96712
96713
96710
96711
76101
14741
57120
96719
90934
90935
90936
90937
90931
90932
90933
03121
15111
90939
15113
17997
15698
14740
90807
79281
15697
17850
17998
82505
82502
82501
57603
57602
57600
96781
96780
96783
27995
82399
46550
36220
17999
96806
82135
82132
82131
96804
90737
90782
91845
36225
36226
79351
12090
20853
45998
45999
80999
05887
91830
91831
95821
95820
05888
70311
45994
80995
45997
95717
96785
95712
95711
21599
21590
95718
70381
82436
82434
85102
95919
39390
90963
11920
95914
95917
95916
95911
11925
95913
46693
48791
19610
48792
48405
48400
76922
76925
79104
99451
99452
90898
19760
70499
60499
15090
17603
17602
90978
90870
15075
54009
48700
90879
90878
54006
54007
90974
90975
60399
62390
88110
66320
06300
45978
10920
76768
82542
82541
47995
20868
21785
76246
88505
47998
45898
80495
17699
96796
21228
80241
91717
47900
06600
57337
96807
46500
96808
90892
46508
46694
46692
03210
82162
21241
82235
90750
76313
33106
33107
33104
27756
53800
09445
42896
79491
