96782
18499
82292
82293
54599
45803
73495
15200
51265
76800
73499
51260
11910
90727
90721
92879
92877
82192
85781
99099
60210
92895
92894
92896
92893
82226
48599
57939
57938
03601
51760
18390
82345
82346
96778
91836
96720
21105
17653
36202
90940
90943
90942
90945
90944
90947
24491
90949
90948
15100
66252
14750
14751
80201
85320
12799
96798
80992
12792
96797
12791
05889
95799
79505
95791
95790
90793
82121
80994
82126
46640
39499
19750
21320
91803
45843
53603
53602
91804
53609
95700
95703
95704
95705
95706
95708
88998
82392
82391
70391
90724
85507
85505
95908
95909
95906
95907
95904
95905
95902
95903
95900
95901
33350
73347
14787
82785
19620
14780
82191
57878
57879
51231
51232
48731
82719
92821
80211
51720
51331
90811
51332
17614
17617
60380
90863
14712
90866
90864
90865
90868
76715
85480
12690
62162
10935
76305
76303
82271
76301
95918
16995
16997
16990
46616
46612
95926
95915
45791
54100
90716
90501
90503
90717
90505
42301
27775
90509
90508
95923
11925
96766
96765
96764
90812
95912
21484
05672
96837
48601
82110
51470
90718
82051
20771
24799
96784
24793
24797
24794
79232
66501
66502
79231
36201
42888
70371
09871
24052
46835
48793
88314
62330
45836
82455
15211
48205
10930
70201
54510
82272
90957
70208
90739
96775
18980
09001
03700
88398
92887
06400
92882
17621
92888
82231
82232
76901
76900
57940
21470
48584
82989
48581
48582
19700
82335
82334
90982
21112
21111
21115
15529
96736
96737
90952
90953
90950
90951
90956
12995
90954
90955
90958
90959
67390
80210
14720
66308
91600
82246
82241
82242
95788
90710
17655
76225
95785
91821
17999
36309
90711
80100
90888
57959
33499
79271
36495
54489
45710
91810
45872
73100
91813
05589
82146
80253
82142
82141
91889
91888
46570
91882
95931
95930
70122
88184
05997
51399
90946
14796
57880
82705
95765
51718
51499
39120
95808
82684
82682
19550
16597
48049
73328
45958
45959
90979
33997
33996
82201
33998
67505
76313
76315
82206
96705
96704
96707
96706
96703
96702
21900
46620
17678
90971
03445
24492
90972
90973
17849
24392
24391
36900
90925
96772
96773
15998
96776
96777
90453
90452
15997
90456
90455
90454
76217
76216
76210
76213
96799
82102
03232
82101
82106
15297
21260
20760
15195
60590
10611
90400
36749
79206
79204
80130
48505
48507
48500
91820
05899
09861
45828
36997
36995
95729
95720
91851
90701
03900
95796
11935
90708
11930
82291
18995
90976
18990
19600
17677
48001
57858
57859
79113
57857
27390
70460
19770
82085
82084
82326
19500
21127
21123
21122
21120
54010
53999
90968
90967
90966
90965
90964
90808
90962
90961
90960
27454
10910
57774
06700
76270
17673
79242
79241
82161
80270
96810
96813
96812
96815
46510
46512
96819
96818
09217
96714
21257
21256
51799
20790
21259
95924
95925
45790
95927
95920
95921
95922
82082
82172
82171
95928
95929
48300
90980
48305
09106
09851
06900
70451
80895
14869
57957
39646
62318
96719
45811
45813
57958
95753
95752
80110
05689
18432
45720
06995
36217
91802
16763
76373
42560
39500
19799
90845
76773
45880
90938
16162
96717
90969
96715
96712
96713
96710
96711
76101
15698
57121
90934
90935
90936
90937
90931
90932
90933
03121
15111
90939
15113
17997
14741
14740
79281
15697
90833
90832
88990
82502
82501
96785
57602
57600
96781
96780
96783
27995
82399
46550
36220
36225
17850
96806
82135
17998
82132
82131
96804
92869
90782
90784
20854
79351
36226
20853
79216
45998
45999
80999
05887
91830
91831
95820
05888
70311
91838
45997
95717
95716
95715
95712
21599
96846
96845
21590
95718
70381
85102
95919
39390
90963
54829
11920
95914
95917
95916
95911
95910
95913
46693
48791
19610
48792
91829
48405
48400
76922
76925
79104
99452
19760
70499
60499
15090
17603
17602
82202
90978
90761
54009
48700
90970
45891
54006
54007
90974
90975
60399
90977
57767
45970
66320
06300
45978
10920
82542
82541
47995
20868
21785
88505
47998
80495
17699
96796
21228
91718
91717
47900
06600
57337
96807
46500
96808
46508
46694
46692
03210
82162
21241
90750
15075
33106
33107
33104
27756
53800
09445
42896
79491
