96782
18499
82292
82293
54599
73495
15200
51265
76800
73499
51260
11910
90727
17689
92878
82191
82192
85781
99099
92870
60210
92895
92897
92890
92899
82305
82226
82221
48599
57939
57938
03601
51760
18390
82345
82346
17621
96720
17653
46720
36202
90940
90943
21111
90945
90944
90947
24491
90949
90948
15100
80201
17673
12799
96798
96799
12792
96797
96794
12791
96737
95799
79505
95791
95790
82121
82122
80994
82126
46640
39499
19750
79265
21320
53607
91802
45841
53603
53602
53601
91804
21599
53609
53608
95700
95703
95705
95706
95708
88998
82392
82391
70391
90724
85507
96819
85505
95908
95909
95906
95907
95904
95905
95902
95903
95900
95901
33350
09050
19620
96778
57878
57879
82303
82304
51231
51232
48731
90728
80210
82719
51720
51331
66308
51332
17619
17610
17614
60380
48732
14712
90861
90864
90865
12690
10935
76305
76303
82271
76301
95918
16995
16997
16990
46616
46612
95926
95915
45791
54100
90716
90501
90500
90503
90717
42300
90710
95923
11925
96766
96765
96764
96762
95912
21484
05672
96837
48601
82110
51470
93701
90718
82051
24799
96784
24793
24797
24794
66501
76271
76270
46693
36201
42888
70371
09871
24052
46835
48793
88314
57767
45836
45835
82455
60900
15211
10930
92868
70201
54510
90732
82272
90957
92867
96775
18980
09001
03700
90811
88398
92887
06400
92888
92889
82231
82232
76901
76900
57940
21470
82989
19700
17677
82331
82332
82335
82334
90982
21112
46718
96736
46710
46716
90952
90953
90950
90951
90956
12995
90954
90955
90958
90959
67390
90818
14721
80211
14723
14725
80130
82246
82241
82242
95788
17655
95785
91821
17999
36309
90711
80100
57959
33499
17998
53610
36495
54489
45710
91810
73100
91600
80250
05589
82146
57768
82142
82415
82141
91889
90942
80110
95931
95930
70122
88184
05997
45000
76386
14791
51399
90946
14796
14797
53500
57880
82705
51718
51499
39120
95808
76368
82682
19550
16597
48049
90978
45958
45959
88270
90979
45952
33997
33996
82201
33998
67505
82202
76315
82206
96705
96704
96707
96706
96701
96703
96702
21900
46620
17678
03445
24492
90972
79335
90973
17849
24392
24391
24390
36900
90925
96772
96773
96774
15998
96776
96777
90453
90452
15997
90977
90456
90455
90454
76216
85482
85480
96820
96821
53711
82102
27775
82101
82106
21260
20760
60590
10611
36749
79206
42200
48505
48507
48500
91820
45823
05899
09861
91829
95851
36997
36995
95720
91851
90701
91854
03900
95796
11935
90708
11930
82291
18995
90976
60334
18990
19600
45911
45914
48001
45919
57858
57859
57857
27390
70460
19770
82085
82084
82326
19500
21127
21123
21122
21120
54010
53999
90968
90967
90966
90965
90964
90963
90962
90961
90960
27454
88120
90418
42400
96714
10910
66502
06700
79231
15395
15549
79243
80270
96810
96813
96812
96815
48540
96818
09217
91864
21257
21256
51799
20790
21259
95924
95925
45790
95927
95920
95921
95922
82082
82172
82171
95928
95929
48300
48305
09106
09105
09104
09851
60399
06900
70451
80895
57957
39646
62318
45813
57958
95753
95752
79262
05689
18432
45720
06995
53589
91803
36217
16763
42560
39500
19799
45880
90938
45888
16162
96716
96717
90969
96715
96712
96713
96710
96711
76101
46730
96719
90934
90935
90936
90937
90931
90932
90933
03121
17640
15111
90939
15113
17997
15698
79281
90831
15697
90833
90832
88990
82502
82501
15599
57602
57600
96781
96780
96783
27995
82399
90830
36220
17850
93721
82135
82134
82133
82132
82131
53831
96804
90782
36225
20854
79351
36226
20853
96806
45998
45999
80999
91832
80992
05888
70311
45997
95717
96785
95715
95712
95710
96846
96845
21590
95718
70381
16221
85102
95919
39390
54829
11920
95914
95917
95916
95911
95910
95913
03210
48791
19610
48792
48405
48400
76922
76925
79104
99452
70499
60499
17609
17608
15090
17602
14707
14706
90873
54009
48700
90970
90971
54006
54007
90974
90975
14709
14708
45975
45970
66320
06300
45978
10920
82542
82541
47995
20868
21785
76246
88505
47998
17691
80495
17699
96796
79253
82785
47900
17777
06600
57337
96807
46500
96808
46694
46692
82161
82162
21241
82235
90750
15075
33106
33107
33104
90757
27756
79223
09445
42896
79491
