96782
70440
18499
82292
82293
54599
45803
73495
76800
73499
51260
11910
90727
82191
82192
85781
99099
92870
92898
82305
57940
82222
82221
48599
57939
57938
03601
51760
18390
17655
96720
21105
17653
46720
36202
90940
90943
21111
90945
90944
79292
24491
90949
90948
15100
17673
12799
96798
96799
12792
96797
96794
12791
70311
76237
95799
95796
80180
95791
95790
82121
82122
10930
46640
39499
79265
66220
21320
53607
91802
45841
53600
95831
88281
95700
95702
95703
95705
82399
95708
88998
82392
82391
70391
90724
85507
96819
85505
95908
95909
95906
95907
95904
95905
95902
95903
95900
95901
33350
09050
19620
96778
36201
96779
57878
57879
51231
51232
48731
90728
80210
82719
90861
51720
66308
19750
17614
48732
14712
12052
57803
12690
10935
76305
76303
76301
39390
16995
16997
16990
46616
46612
95926
95915
95927
54100
90716
90500
90717
42300
82103
90710
95910
96764
96762
95912
21484
05672
96837
48601
51470
93701
90718
82051
24799
96784
24793
24797
24794
66501
76271
79231
70503
95843
05499
48458
90982
70371
09871
24052
46835
48793
88314
57767
45834
82455
08712
08715
15211
95730
70201
54510
90732
90957
90738
92867
96775
18980
09001
03700
88398
92887
17635
06400
92888
92889
82231
82232
76901
76900
21470
19700
70471
17677
82335
82334
21112
46718
90942
96736
46710
46716
90952
90953
90950
90951
90956
12995
90954
90955
90958
90959
67390
90818
14721
14723
14725
80130
82241
82242
95788
95785
36309
90711
80100
21599
57959
33499
17998
79274
36495
54489
45710
73100
91600
80250
05589
82146
57768
82142
82141
91889
91888
53689
91882
95931
95930
70122
88184
05997
90947
45000
18231
90946
14797
57880
82705
51718
51499
39120
08742
08740
95808
19550
16597
48049
90978
90979
45950
76318
33997
33996
82201
33998
67505
82202
08708
96705
96704
96707
96706
96701
96703
96702
21900
46620
17678
03445
24492
90972
79335
90973
24392
24391
24390
90925
02900
96774
15998
90453
90452
15997
90977
90456
90455
90454
76214
76216
85482
85480
96820
96821
82102
03232
82101
15295
21260
96795
60590
10611
36749
79207
79206
80135
42200
48505
91821
91820
45822
05899
09861
45828
95851
36997
36995
08707
27775
95720
36900
90701
91854
03900
91856
88431
11935
90708
11930
82291
18995
90976
18990
19600
45911
45914
48001
57858
57859
57857
27390
19770
19500
15123
21127
21123
21122
21120
54010
53999
53998
90967
90966
90965
90964
90963
90962
90961
90960
27454
90418
06250
42400
10910
51399
66502
06700
17689
79241
82161
96810
96813
96812
96815
48540
96818
45863
09217
21257
21256
51799
21259
95924
95925
45790
45791
95920
95921
95922
95923
82172
82171
96737
95928
95929
90749
90980
42888
09106
09105
80994
09851
60399
06900
70451
80895
57957
39646
62318
45813
57958
95753
95752
05688
05689
95810
18432
95815
45720
06995
53589
91803
36217
76373
91800
39500
19799
90846
88316
90938
91804
45925
45926
16162
96716
96717
96714
96715
96712
96713
96710
96711
02801
76101
46730
57120
96719
90934
90935
90936
90937
90931
90932
90933
03121
17640
15111
90939
17997
15698
79281
08716
90831
15697
90833
90832
88990
82502
82501
96785
57602
57600
96781
96780
96783
27995
90969
80212
90968
90830
36220
93721
82135
82134
82133
82132
82131
90782
36225
79351
36226
96806
45998
45999
80999
95821
80992
05888
14821
91838
45997
95717
95716
95715
95712
95710
96846
96845
96843
21590
95718
70381
16221
08730
85102
95919
95918
54829
11920
95914
95917
95916
95911
11925
95913
46693
48791
19610
48792
91829
76922
76925
79104
99452
70499
60499
15090
17602
14707
14706
90873
54009
48700
90970
90971
54006
54007
90974
90975
14709
14708
45975
66320
06300
45978
90758
10920
82542
82541
47995
21785
76246
88505
47998
76245
17691
80495
17699
15579
96796
08997
08995
47900
17777
06600
57337
96807
96804
96808
46694
46692
03210
82162
21241
82235
90750
90752
15075
33106
33107
33104
90757
27756
76315
09445
42896
79491
