96782
18499
82292
82293
54599
54597
73495
76800
73499
51260
11910
90727
82191
82192
85781
99099
92870
92897
92896
92898
82305
57940
48590
82222
82221
48599
57939
57938
03601
51760
18390
17655
96720
21105
17651
17653
46720
36202
90940
90943
21111
90945
90944
90947
24491
90949
90948
15100
90823
17673
12799
96798
80992
12792
96797
96794
12791
96737
95799
95796
95795
80180
95791
95790
82121
82122
10930
90952
46640
39499
79265
66220
73200
53607
53606
91800
53600
95740
73111
95700
95702
95703
95704
95705
95706
95708
88998
82392
82391
70391
90724
85507
85505
48360
95908
95909
95906
95907
95904
95905
95902
95903
95900
15998
33350
09050
19620
96778
57878
57879
95774
82303
51231
51232
90728
14816
82719
90861
51720
14723
19750
76390
17610
48732
14712
12052
12690
45948
10935
76305
76303
76301
95918
90747
16997
16990
95925
46616
46612
95915
95927
54100
90716
14765
90500
90717
42300
90710
11925
96764
96762
95912
21484
05672
96837
48601
93700
93701
90718
82051
24799
96784
24793
24797
24794
66501
66502
79231
95843
36201
95846
90982
70371
09871
24052
48793
45833
88314
45834
08712
08715
15211
95730
95733
70201
54510
90732
90957
70208
90738
96775
18980
09001
03700
88398
92887
06400
92888
96780
82231
82232
76901
76900
88223
09990
19700
82335
82334
21112
46718
90942
96736
46710
46716
86700
90953
90950
90951
90956
12995
90954
90955
90958
90959
14729
67390
90818
14721
66308
14725
14727
80130
82521
95788
76225
95785
91821
36309
90711
80100
57959
33499
79379
79274
36495
54489
45710
73100
91600
80250
05589
45780
57768
91889
91888
53689
95931
95930
70122
73403
73402
73401
05997
45000
73404
18231
90946
14797
57880
82705
95765
95760
51718
51499
39120
80210
08742
08740
95808
19550
17602
16597
48049
90978
90979
45951
33997
33996
82201
33998
03210
82202
08708
96705
96704
96707
96706
96701
96703
96702
21900
46620
15519
17678
03445
24492
90972
79335
90973
24392
24391
24390
90925
02900
96774
60399
90453
90452
15997
90977
90456
90455
90454
85482
76213
96820
96821
96799
82102
27775
82101
21260
96795
60590
51470
10611
36749
79207
79206
80135
42200
48505
45820
91820
09861
91829
42990
36997
36995
15221
08707
95720
36900
90701
91854
03900
91856
11935
90708
11930
82291
18995
90976
18990
19600
45911
17677
48001
90770
57858
57859
57857
27390
70460
19770
19500
15123
21127
21123
21122
21120
54010
53999
53998
90967
90966
90965
90964
90963
90962
90961
90960
45964
73405
90418
06250
42400
10910
57771
51399
06700
17689
16995
86800
80276
79363
96810
96813
96812
96815
96819
96818
09217
96714
21257
21256
51799
21259
95924
45793
95926
45791
95920
95921
95922
95923
82172
82171
96711
95928
95929
90749
90980
42888
09105
80994
09851
06900
70451
80895
57957
39646
96719
45813
57958
95752
05688
05689
95810
18432
95815
45720
06995
53589
36217
91802
76373
39500
19799
76773
45882
90938
91804
45925
96716
90969
96715
96712
96713
96710
57129
02801
76101
46730
57121
90934
90935
90936
90937
90931
90932
90933
03121
17640
15111
90939
17997
15698
79281
08716
90831
15697
90833
90832
88990
82502
82501
96785
57602
57600
96781
90837
96783
27995
48708
82399
80212
90968
90830
36220
93721
82135
17998
82132
82131
85211
73150
90782
36225
79351
36226
96806
45998
45999
80999
91832
27454
95820
05888
70311
91838
45997
95717
95716
95715
95712
21599
96846
96845
96843
21590
95718
70381
96786
16221
08730
85102
95919
39390
54829
11920
95914
95917
95916
95911
95910
95913
82161
48791
19610
48792
76922
76925
79104
99452
70499
60499
15090
90752
14707
14706
54009
48700
90970
90971
54006
54007
90974
90975
14709
14708
57767
48490
66320
06300
45978
10920
95901
76707
76705
47995
21785
88505
47998
17691
80495
17699
96796
08997
08996
08995
66210
91718
91717
47900
06600
57337
96807
96804
96808
46694
46693
82162
21241
67505
82235
90750
33100
15075
33106
33107
33104
27756
76315
09445
42896
79491
