18499
82292
82293
54599
62306
54597
73495
95744
76800
73499
51260
11910
90727
82191
82192
85781
99099
92870
92894
92897
92898
57940
82222
82221
48599
57939
57938
03601
51760
18390
17655
21105
17652
17653
46720
90941
90940
90943
21111
90945
90944
90947
24491
90949
90948
15100
85241
90823
90820
17673
12799
12792
96794
12791
95796
95791
95790
82121
82122
10930
90952
46640
39499
92980
79265
66220
79266
53606
91800
53600
95740
21599
73111
73113
73112
95700
95702
95703
95704
95705
95706
95708
88998
82392
82391
70391
90724
85507
85505
95908
95909
95906
95907
95904
95905
95902
95903
95900
15998
33350
09050
19620
57878
57879
95774
82305
90728
80210
14814
14813
51720
80212
19750
85102
17615
48732
79392
73405
18331
91804
12690
73404
10935
76305
76303
82271
76301
39390
90747
16997
16990
95925
46616
46612
95915
95927
54100
17660
14765
90500
90717
42300
90710
95910
90461
21484
05672
96830
51470
93701
90718
82051
24799
96784
24793
24797
24794
66501
66502
79231
70504
95843
36201
95848
70371
09871
24052
48793
88314
45836
08712
08715
15211
95730
95733
91847
70201
91843
82272
90957
70208
90738
18980
09001
03700
88398
06400
92888
82231
76901
06900
82988
09990
19700
82331
82332
82335
90982
21112
79893
46718
46710
46716
86700
90953
90950
90951
90956
12995
90954
90955
90958
90959
67390
90818
14721
66308
14725
14727
80130
82241
17622
82521
95788
91824
76220
95785
36309
90711
80100
09435
57959
33499
79272
17998
36497
36495
91829
45710
73100
91600
80250
05589
36202
82147
82141
91889
90942
53689
95931
95930
70122
73403
14799
73401
05997
45000
60499
18231
90946
14797
57880
82705
95765
95760
51718
95807
51499
39120
08742
08740
95808
57768
19550
17602
79381
16597
48049
90978
90979
45951
33997
33996
82201
33998
03210
76313
76314
08708
54009
96705
67270
67272
21900
46620
96709
15519
17678
03445
24492
90972
79335
24392
24391
24390
90925
02900
90458
60399
90452
15997
90977
90456
90454
85482
46932
76213
96820
96824
96826
96827
82102
27775
82101
21260
96795
60590
33120
60450
10611
36749
80135
70513
36295
42200
48505
91821
91820
09861
45828
95853
42990
36997
36995
15221
95729
08707
95720
95724
90701
91854
03900
11935
90708
11930
82291
18995
90976
18990
19600
45911
17677
48001
90770
57858
82541
57857
27390
19770
19500
73402
21127
21122
21120
19695
90969
53998
90967
90966
90965
90964
90963
90962
90961
90960
45964
45960
06250
42400
76325
76327
57771
51399
06700
76270
57859
15397
17689
82235
16995
86800
82161
96815
96819
96818
45864
21257
21256
51799
21259
95924
45793
95926
45791
95920
95921
95922
95923
82172
82171
95928
95929
90749
90980
42888
09105
80994
09851
70350
70451
80895
57957
39646
99405
45813
57958
95752
05688
05689
95810
18432
45720
06995
36217
91802
76373
27555
27556
39500
19799
45884
45921
90938
15123
45925
82355
96712
96710
96711
02801
76101
46730
90934
90935
90936
90937
90931
90932
90933
03121
17640
15111
90939
17645
17997
15698
90839
79281
08716
90831
15697
90833
90832
88990
82502
82501
96785
57602
96787
57600
27995
76206
48708
82399
90968
48377
90830
36220
93721
82135
82134
82133
82132
82131
36225
79351
36226
90732
79358
45998
45999
80999
27454
80992
05888
70311
80996
45997
95717
95716
95715
95712
95710
96843
21590
95718
70381
96786
08730
76312
95919
95918
11920
95914
95917
95916
95911
11925
95913
95912
48794
48791
19610
48792
76922
76925
79104
99452
70499
76386
10910
15090
90752
82202
14707
14706
14702
48700
90876
90970
90971
54006
90973
90974
90975
14709
14708
57767
48490
66320
06300
85211
10920
85112
95901
76707
76705
99239
47995
21785
12052
88505
47998
17690
17691
80495
17699
96796
08997
08996
08995
91718
96768
91717
47900
06600
57337
46694
46693
82162
21241
67505
76900
90750
33100
15075
33106
33107
33104
27756
76315
09445
42896
79491
