54609
18499
82292
99411
54599
99415
62306
54597
96700
73495
06900
76800
11910
82191
82192
85781
99099
92870
92894
92897
73395
90951
92898
73303
57940
82293
94802
57939
57938
03601
18390
17655
21105
17653
90941
90940
90943
90942
90945
90944
90947
24491
90949
90948
85241
90827
90823
90820
17673
12799
12792
96794
12791
95796
76238
95790
10930
90952
79344
39499
79341
90956
92980
06803
66220
79266
17635
53606
53600
95831
73111
73113
73112
95700
95702
95703
95705
82399
95708
88998
82392
82391
70391
85507
85505
95908
95909
95906
95907
95904
95905
95902
95903
95900
95901
33350
09050
19620
57878
57879
95774
95771
82305
80210
12052
51720
90454
14723
19750
76391
51802
17610
48732
79392
18331
91804
45941
82571
12690
10935
76305
76303
82271
76301
95918
90747
16997
16990
95925
11920
95927
54100
91890
17660
14765
90500
90717
42300
90740
11925
79305
21484
05672
36425
96833
96832
96831
51470
93701
90718
82051
24799
96784
24793
24796
24794
66501
76271
79231
95843
95845
70371
09871
76221
24052
48793
88314
62330
82456
08712
08715
82451
15211
95730
95733
70201
82272
70207
70208
48599
90738
18980
09001
03700
88398
06400
92888
82231
76901
95863
82988
70451
19700
82333
82334
21112
21111
03410
15529
86700
90953
90950
12993
12994
12995
90954
90955
90958
90959
67390
90818
14721
66308
14725
14727
80130
82241
17622
76227
95785
36309
80100
09435
21599
33499
17998
36497
36495
45710
91810
45872
73100
91600
36997
48388
48389
80250
48387
05589
36202
82147
82143
82141
91889
36201
53689
95931
95930
70122
73403
14799
73401
05997
51397
45000
73404
88990
18231
90946
14797
57880
82705
95760
51718
51499
39120
08744
08742
08740
95808
57768
19550
90858
48049
90978
45891
45959
90979
45950
45951
33997
33996
33998
67505
08708
90874
96705
42799
67272
21900
96709
17678
03445
24492
90972
24392
24391
24390
90925
90975
02900
15998
90452
15997
42790
90456
91855
76217
85482
96826
82102
96796
82101
90877
27773
21260
60590
33120
10611
36749
79205
80135
36295
42200
48504
48505
33495
45822
09861
42997
42990
42999
42998
36995
15221
08707
95720
90701
91854
03900
91856
11935
90708
11930
82291
18994
18995
90976
18990
19600
45911
17677
45917
48001
57858
57859
57857
27390
19770
24600
76428
15121
19500
73402
21127
21122
21120
19695
90801
90969
53998
90967
90966
90965
90964
90963
90962
90961
90960
27454
45960
90418
06250
42400
90410
10910
57771
51399
66502
06700
15469
15397
79249
16995
86800
80276
82161
45869
80996
96819
96818
91862
09217
21257
21256
51799
21259
95924
45793
95926
45791
95920
95921
95922
95923
82172
82171
95928
95929
90980
48305
09105
80994
09851
95864
70350
09990
70453
80895
57957
39646
99405
62318
57959
57958
95752
05688
05689
90957
95810
18432
45720
06995
36217
91802
19797
27555
27556
39500
19799
19798
45884
15123
45925
90939
96716
96715
96710
02801
76101
90934
90935
90936
90937
90931
90932
03121
17640
90938
15110
03124
17997
15698
90839
08716
90831
15697
90833
90832
82505
82502
82501
57602
57600
27995
48708
80212
90968
90830
36220
36225
93721
82135
82134
82133
82132
82131
90784
36226
79359
45998
45999
80999
80992
05888
70311
14827
91838
45997
95717
95715
95712
95710
96843
21590
95718
15337
96786
08730
85102
95919
39390
95915
95914
95917
95916
95911
95910
95913
95912
48794
16597
48791
19610
48792
48400
76922
76925
79104
99452
70499
70495
60499
15090
17602
14707
14706
48704
14703
54009
48700
42798
90970
90971
54006
90973
90974
42792
60399
14708
57767
66320
06300
10920
76338
76707
76705
99239
47995
21785
88505
47998
17690
17691
80495
17699
08997
08996
08995
90977
90900
91718
91717
47900
06600
96800
57337
03210
82162
21241
76900
90750
33100
15075
33106
33107
33104
27756
42899
42890
09445
79491
