54609
18499
82292
99411
54599
54597
73495
76800
51260
11910
82191
82192
85781
99099
92870
95774
92894
92897
73395
90951
92898
73303
99239
57940
82293
94800
94801
94802
45931
57939
57938
94807
03601
18390
17655
21105
17653
90941
90940
90943
90942
90945
90944
90947
24491
90949
90948
15102
85241
90827
80205
90823
80201
17673
12799
12792
96794
12791
95796
76239
76238
90744
80996
95925
82121
82122
80994
90952
79344
39499
79341
90956
92980
06803
66220
90957
53606
91800
53600
95831
73111
73113
73112
95702
95703
95705
82399
48390
99101
82392
82391
70391
08721
85507
85505
95908
95909
95906
95907
95904
95905
95902
95903
95900
95901
33350
09050
19620
57878
57879
51234
51235
95777
95776
51720
90454
19750
76390
17615
48732
12052
18331
91804
12690
10935
76305
76303
82271
76301
95918
90747
16997
16990
46619
11920
95927
54100
33115
90500
42300
90740
95910
90713
79305
21484
05672
96837
96833
96832
96831
82111
51470
82112
90718
24799
24793
24796
24794
66501
76271
79231
95843
70371
09871
24052
48793
88314
60900
08712
08715
15213
15211
10930
95733
91847
70201
91843
82272
70207
70208
48599
18980
09001
03700
88398
06400
92888
82231
76901
76900
82988
18243
19700
82335
21112
17622
79896
17624
15529
86700
90953
90950
12993
12994
12995
90954
90955
90958
90959
67390
80210
90811
14727
80130
17625
91820
36309
80100
09435
21599
33499
79274
36497
36495
45710
91810
73100
91600
36997
05589
36202
57768
82141
91889
36201
53689
95931
95930
70122
73403
14799
73401
05997
51397
45000
73404
88990
18231
90946
14797
94702
94700
82705
95760
51718
95807
51499
39120
08744
08742
08740
95808
19550
16597
48049
90978
94821
45891
45959
90979
45950
45951
33221
33996
82201
33998
67505
82202
08708
96705
42799
21900
42798
96709
17678
03445
24492
90972
80220
24392
24391
24390
90925
90975
02900
15998
90452
15997
42790
90456
91855
85482
96826
82102
82103
82101
82104
27773
21260
60590
33120
33124
10611
36749
80135
70513
36295
42200
48505
33495
45822
91822
05899
09861
42997
42990
42999
42998
36995
90706
15221
08707
95720
08709
95710
90701
03900
11935
11930
82291
18994
18995
70411
18993
18990
51911
19600
16651
15637
17677
48001
57858
57859
57857
27390
70460
19770
15121
19500
73402
21127
17638
21122
21120
19695
90801
90969
53998
90967
70428
90965
90964
90963
90962
90961
90960
27454
45960
90418
06250
42400
90411
76327
57771
51399
66502
76270
96715
79246
79249
79248
16995
86800
80276
82161
91869
45869
96819
96818
21257
21256
51799
21259
95924
45793
95926
45791
95920
95921
95922
95923
82172
82171
95928
95929
57880
90980
48305
09105
09851
95864
70350
09990
70453
80895
70455
57957
39646
99405
57959
57958
05688
05689
66221
95810
18432
45720
06995
36220
36217
91802
16765
38052
19797
27555
27556
39500
19799
19798
45884
15122
15123
45925
94811
90939
82212
82211
96716
17997
91808
96710
02801
76101
90934
90935
90936
90937
90932
03121
90938
15110
03124
90968
79321
15698
08716
15697
17998
82505
82501
96784
96787
57600
27995
48708
57341
15437
90966
82134
82133
82132
82131
88998
91890
36225
46630
36226
45998
45999
80999
80992
05888
70311
14827
45997
95716
95712
62590
96843
21590
95718
70381
96786
08730
85102
95919
39390
54828
95915
95914
95917
95916
95911
11925
95913
95912
82162
48794
21241
48791
19610
48792
90976
76922
70451
76925
79104
99452
70499
70497
60499
10910
15090
76790
17602
14707
14706
48704
14703
54009
48700
14700
90970
90971
54006
90973
90974
42792
60399
14708
57767
66320
06300
10920
76339
76707
76705
15385
15386
47995
21785
76246
88505
47998
17690
17691
80495
17699
15579
96796
08997
08996
08995
90977
90900
91718
47900
06600
96800
57337
33997
03210
95794
46691
46911
33100
15075
33106
33107
33104
27756
95897
42899
42890
09445
79491
