54609
18499
82292
99411
99412
54599
54597
73495
76800
51260
11910
90727
82191
82192
85781
99099
92870
51235
92894
73395
90951
73303
57940
82293
94800
94801
94802
57939
57938
94807
03601
18390
17655
80994
21105
17653
67317
46721
90940
90943
90942
90945
90944
90947
24491
90949
90948
24492
85241
90827
14699
14698
80201
17673
82531
12799
12792
96794
12791
95797
95796
95794
90744
95791
80996
95925
10930
90952
02500
39499
79341
90956
92980
06803
90957
45842
53606
91800
91804
62590
73111
73113
73112
95702
95703
95705
95706
99101
82392
82391
70391
90724
08721
08722
08723
90459
48364
85505
95908
95909
95906
95907
95904
95905
95902
95903
95900
95901
33350
09050
19620
57878
57879
51234
95774
51720
90454
19750
17610
17615
48732
18331
45941
12690
18635
73404
82372
10935
76305
76303
82271
76301
95918
90747
16997
16990
46619
95915
95927
54100
33115
90500
42300
90740
95910
96761
96760
90713
90462
21484
05672
96837
96833
96832
96831
82111
51470
82112
90718
24799
24793
24796
24794
66501
66502
79231
70507
82371
79238
79239
95843
95841
70371
09871
24052
19610
60900
08712
08715
15213
08716
95730
95733
91847
70201
82272
70207
70208
48599
90738
18980
09001
03700
88398
06400
92888
82231
82232
76901
76900
82988
70471
82335
82334
17622
79896
17624
17627
96730
96731
96732
86700
90953
90950
12993
12994
12995
90954
90955
90958
90959
67390
80210
90811
14727
80130
95781
93853
33495
36309
80100
09435
21599
33499
79273
79274
36495
91829
73100
91600
36997
80250
05589
57768
82141
91889
36201
53689
91882
95931
95930
91885
70122
73403
73402
73401
05997
51397
45000
15150
88990
18231
90946
14797
94702
94700
82705
48793
95763
95760
51718
51499
39120
08744
08745
08742
08740
95808
19550
91880
90858
03343
48049
90978
94821
45958
45959
94824
90979
33221
33996
82201
33998
67505
82202
95720
96705
42799
21900
42798
96709
90823
15519
17678
17679
03445
15513
90972
24392
24391
24390
90925
90975
02900
48708
90452
15997
42790
90456
91855
76216
85482
85480
96826
82102
82103
82101
82104
27773
21260
60590
33124
10611
79201
79204
80135
42200
48504
95859
45822
05899
09861
14835
42997
42990
42999
42998
36995
90706
15221
08708
08709
90701
03900
11935
11930
82291
18994
18995
90976
18993
18990
51911
19600
17677
48001
91881
57858
57859
06300
57857
27390
19770
91884
19500
21127
94813
17638
21122
21120
19695
90801
90969
53998
90967
90966
90965
90964
90963
90962
90961
90960
27454
45960
90418
06250
42400
10910
57771
51399
76270
82211
16995
86800
80276
82161
91869
45869
09218
96819
96818
45863
09217
21257
21256
51799
21259
95924
45793
95926
45791
95920
95921
95922
95923
82172
82171
95928
95929
57880
09105
09101
70350
09990
80895
70455
57957
39646
99405
10500
15998
57959
57958
95752
80110
05688
05689
66221
95810
18432
33451
06995
36217
91802
38052
19797
27555
27556
39500
19798
45884
15122
45925
94811
90939
82212
03124
96716
17997
96715
96710
02801
76101
90934
90935
90936
90937
90932
03121
17640
90938
15110
15112
90968
79321
15698
90807
15697
17998
82505
82501
96787
57600
27995
82399
57341
96800
36225
16597
82136
82135
82134
82133
82132
82131
88998
73150
91890
85507
36226
46630
79219
79217
45998
45999
80999
80992
05888
70311
14827
45997
95716
95712
95710
96846
96845
96843
21590
95718
70381
96786
08730
85102
95919
39390
54828
19051
11920
95914
95917
95916
95911
11925
95913
95912
48794
21241
48791
18213
48792
76922
76925
79104
99452
70499
70492
60499
15090
17602
14707
14706
48704
45896
54009
48700
14700
90970
90971
54006
90973
90974
42792
60399
14708
57767
66320
76225
10920
76339
76707
76705
99239
47995
21785
88505
47998
17690
17691
80495
17699
96796
08997
08996
08995
90977
90900
79318
91718
47900
06600
91878
91879
33997
03210
82162
46691
46911
82235
33100
15075
33106
33107
33104
27756
60774
42899
42890
09445
79491
