54609
90428
18499
82292
99411
99412
82291
54597
73495
76800
51260
11910
82191
82192
85781
99099
92870
92896
73395
90951
73303
57940
82293
94800
94801
94802
57939
57938
45934
94807
03601
18390
17655
80994
21105
17653
95521
46721
90940
90943
90942
90945
90944
90947
24491
90949
90948
24492
85241
90827
14699
14698
80201
17673
82531
12799
12792
96794
12791
95796
95794
90744
80996
95559
82121
82122
10930
90952
02500
39499
67495
90956
80110
06803
90957
45842
53606
91800
91804
62590
73111
73113
73112
95702
95703
95705
82399
88998
82392
82391
70391
08721
08722
08723
08724
96772
85507
48365
85505
95908
95909
95906
95907
95904
95905
95902
95903
95900
95901
33350
09050
19620
57878
57879
95774
82440
82304
82305
51720
90454
80989
92980
51799
17615
48732
48731
18331
73230
82572
12690
18635
73404
82372
10935
76305
76303
82271
76301
95918
33111
16997
16990
16991
95925
95926
95915
95927
33115
90500
42300
90740
95910
90464
90463
21484
05672
96837
96831
82111
51470
82112
90718
24799
24793
24796
24794
66501
66502
79231
70507
82371
95843
70371
09871
24052
19610
62330
45835
60900
08712
08715
15213
08716
95730
95733
70201
82272
70207
70208
82273
48599
90738
36115
18980
09001
88399
03700
88398
06400
92888
82231
82232
76901
76900
82988
82989
70471
82335
82334
79893
17622
79896
17624
17627
96735
96730
96731
96732
86700
90953
90950
12993
12994
12995
90954
90955
90958
90959
67390
82311
80210
80212
14727
80130
82241
82242
95781
76226
36309
80100
09435
21599
33499
79273
36495
73100
36997
80250
67315
82385
05589
57768
82142
82141
91889
36201
53689
96811
91882
95931
95930
91885
70122
73403
73402
73401
05997
51397
45000
60499
88990
90811
18231
90946
14797
94706
94702
94700
82705
48793
95763
95760
95768
51718
95807
51499
39120
08749
08744
08745
08742
08740
95808
19550
91880
16597
48049
90978
94821
94824
90979
33997
33996
82201
33998
67505
82202
08708
96705
42799
21900
42798
90823
17678
17679
03445
15513
90972
80220
24392
24391
24390
90925
90975
96770
02900
96773
15998
90452
15997
42790
90456
91855
85482
85480
96826
82102
82103
82101
82104
27773
21260
60590
33124
10611
62171
76264
79205
80135
42200
33495
05899
09861
91829
17706
42997
17705
42990
42999
42998
36995
90706
15221
95722
95720
08709
90701
03900
90705
11935
11930
18994
18995
90976
18993
18990
51911
19600
17677
48001
57858
57859
57857
27390
19770
17674
91884
19500
21127
17638
21122
21120
19695
90801
90969
53998
90967
90966
90965
90964
90963
90962
90961
90960
27454
90418
06250
42400
76320
10910
76326
57771
51399
76270
82211
79249
16995
86800
82161
85350
46660
91869
45869
09218
96814
96819
09217
21257
21256
46681
46683
46682
21259
95924
45793
45790
45791
95920
95921
95922
95923
82172
82171
95928
95929
57880
09106
09105
90747
09101
70350
70351
57690
80895
57957
39646
99405
10500
57959
57958
27111
05688
05689
66221
95810
18432
33451
06995
18647
36217
91802
38052
19797
27555
27556
39500
19798
15150
15122
94813
94811
90939
82212
03124
17997
96715
96710
02801
76101
90934
90935
90936
90937
90932
03121
90938
15110
15112
90968
15698
90807
15691
15697
17998
15591
82505
82501
96787
57600
27995
48708
57342
57341
96800
36220
82136
82135
82134
82133
82132
82131
73150
91890
36225
36226
45998
45999
80999
80992
05888
70311
14827
45997
95716
95715
95712
95710
96843
21590
95718
70381
96786
08730
85102
95919
39390
54828
19051
11920
95914
95917
95916
95911
11925
95913
95912
48794
48791
18213
48792
76922
82312
76925
79104
99452
70499
76386
15090
17602
14707
14706
48704
54009
48700
14700
90970
90971
54006
90973
90974
42792
60399
14708
57767
66320
06300
85211
10920
76707
76705
99239
47995
95560
21785
88505
47998
17691
80495
17699
96796
08997
08996
08995
79251
90977
90900
79318
91718
47900
06600
91878
91879
03210
82162
21241
82235
33100
15075
33106
33107
33104
27756
60774
42899
42890
09445
12201
79491
