74702
19710
57844
11542
11541
57929
51262
82198
82192
32302
73260
60359
60358
12705
60350
60354
57729
82222
82221
57720
57721
57722
57723
88398
17654
57291
57292
17651
17652
60130
36202
36203
36201
80595
57614
57615
57616
57617
57610
57611
57612
57613
57618
90820
90821
90764
99200
57470
57472
90796
90790
90791
90793
57184
57186
90798
21610
57182
57500
57501
57502
21292
57505
57506
57507
57508
57509
80110
85434
48562
85612
53605
57981
57982
54886
54880
73499
27995
54952
54950
54954
21720
21725
21724
12235
48365
48366
85051
85502
54424
54428
85508
09051
33213
54770
33211
15712
54774
57876
57878
57879
48415
85506
95773
57094
54398
21256
48095
70486
54396
70481
76390
54174
76395
76397
57091
54376
79393
79396
24231
32300
33896
15441
03510
33114
76407
76409
76050
76887
76880
76881
06619
76888
03202
36790
85981
27763
27760
27765
66500
66501
66502
90980
74711
90982
73476
09455
88706
09105
06100
82456
09104
12356
51272
53871
82189
74951
12355
24703
32310
09851
60349
51299
12710
82232
82989
19704
19700
21112
21110
21111
21116
21117
21115
57265
21118
85708
85611
16711
11754
11753
11752
80210
80211
90811
90810
90817
90816
90815
51102
11592
82522
17655
95782
95783
95784
21606
21602
21603
80100
80103
57892
17653
85429
57316
42801
48225
45875
09222
45872
09220
09221
05589
18849
45782
90940
18845
48315
54414
54412
70650
70340
70343
70342
54988
57888
57884
57880
48425
57882
30402
16363
76369
54188
76365
54184
09911
09912
79386
54344
03345
03344
45895
45897
54274
45891
90828
90829
45899
45898
54900
54746
54744
54742
33997
54740
33998
03741
54748
15451
15453
76501
76502
85320
24392
24391
31202
27774
03232
27770
03051
12790
57751
15051
06820
80820
57753
88950
27557
90706
82426
24778
80311
18815
57823
76773
80180
19601
19600
19603
12726
12725
12722
85241
62381
27390
19770
17635
57276
21126
21125
57272
90804
90805
90806
90800
90801
90802
90803
36220
16722
16721
36226
11741
11742
11744
06314
90799
69151
51132
82889
82887
57418
85742
21380
57416
57417
03750
80051
36310
32100
32103
32102
60791
12100
69195
46662
46661
42810
09218
57300
46840
45860
45865
09214
57097
21257
57095
21700
21259
57098
57099
45792
90893
45790
45795
54970
33051
60469
54408
57503
48305
54400
09106
54402
70643
54404
09102
09101
54996
85706
15840
48439
54998
90889
57898
99400
57895
62311
57890
48125
95753
05689
95755
03438
18432
33451
03350
54198
76379
54194
76375
54192
76373
76370
27551
54494
54358
27555
27556
48051
54352
76772
45887
45884
45885
45883
45880
76775
76778
45888
54752
33234
54756
54758
30502
03755
18380
76511
79322
18360
51324
79283
79282
79281
79285
15599
95704
47831
47830
76206
06630
95708
95709
51452
76198
31105
31106
31107
79350
31102
31108
79358
88720
51051
82434
24765
16597
19610
12739
73051
54422
57376
47804
19760
73458
60499
16731
57791
57241
57792
90873
90875
90877
90876
90879
90878
90763
60250
60251
06304
88051
06300
57641
06303
85393
82542
51122
20861
20860
33350
80495
85442
85446
85444
90904
90906
90902
57333
57336
48205
21241
39800
39802
80253
80380
57424
57422
57421
57420
70101
09445
57429
57428
48441
70361
48445
45740
70364
54214
54216
54210
18551
09204
54500
90727
54502
90720
09202
69153
69150
15612
76349
57521
76342
76346
05413
54320
54322
54324
57934
57936
48597
57930
48599
15854
18390
18396
79295
79296
79297
15589
47820
76232
79509
79504
79505
76239
79501
79502
79503
79346
79342
79343
66552
06800
06152
06155
90724
82399
88998
06799
85601
74902
85602
19620
88198
54374
51336
51331
19752
51332
17619
51802
57782
57786
46935
57784
12051
80710
80713
80717
90869
82572
12690
82372
90722
21870
69135
57458
06205
06202
90917
90910
90911
57258
57328
57320
57323
39810
05571
60449
46991
46990
57432
57434
46997
57437
48321
85723
48450
48105
54208
54204
54202
70371
09871
09302
95731
95733
95732
48215
90735
90732
90733
70208
54842
90738
03332
18984
18980
60599
54338
54332
90943
76751
57928
76757
15822
15824
85419
90888
18340
18347
18349
66301
66307
36747
24361
33894
33895
18745
33897
33892
33893
47813
33898
47814
90944
76227
76222
03240
15559
27721
45765
85734
79375
09861
06810
06815
66230
79401
66050
66051
73100
45982
82389
51222
82385
15312
19101
82142
82143
82416
82141
60302
60303
27100
51499
19742
21132
51812
57522
80705
90855
90853
90852
90851
88273
11792
19630
27215
60051
21640
57139
57135
57134
57137
57136
57131
57130
57133
57132
90928
06211
90923
90922
90921
90920
90925
90924
57221
57223
57222
57225
90976
57227
57229
57228
90977
03900
85484
85482
54442
85480
88112
57351
57353
57355
80992
05540
21260
70161
60458
60451
60453
42752
80520
54832
36295
54238
62321
45989
48467
54232
45985
45984
45983
70417
45981
45980
70416
85211
95720
24101
90703
90702
90701
45614
45613
54838
90705
11935
33402
11930
54306
18994
54304
18992
54302
18990
54300
85261
70418
03302
18995
54308
39600
46682
54788
15839
54786
54784
15125
15127
15120
48485
47805
45960
47802
47803
24352
62103
18752
76324
18757
79232
69136
79231
15540
15549
79367
15499
57857
51799
57855
82172
82281
82289
76819
06995
51312
60200
60203
33889
60206
16761
11712
42560
90840
19799
90843
90844
90845
90846
88241
82599
51172
82592
51774
51772
46738
57128
57129
57126
57127
57125
57122
57123
57120
57121
90934
90935
90936
90937
90930
90931
90932
90933
90938
90939
80602
57232
51702
57230
57231
85251
57349
80195
57340
46880
60429
36755
18723
36757
80512
80511
60422
12090
42744
20859
45998
05331
70318
27454
80993
09322
80991
70311
45995
80995
45997
95717
21320
95711
95718
45963
45600
11929
45602
90718
45607
54826
45609
54824
90717
11925
54820
90713
54310
54312
70122
09741
27592
70401
03310
03311
54792
54798
57901
54224
54226
54220
54222
15802
85811
76795
76797
24341
48700
18321
33106
90755
45977
90756
47877
47878
79772
76334
76338
76339
88502
76246
88505
76245
66210
47908
79315
47900
88476
47721
47722
27051
82162
82163
48331
79223
88220
79229
85716
82292
85712
88898
73495
15200
51302
76807
76800
76801
73120
16778
60210
74402
85719
73300
82580
51762
70490
82345
82342
82343
79881
79880
57118
21660
57112
57117
90941
80615
80616
90942
90945
80611
90947
90946
90949
90948
60501
21997
12799
27303
57208
12792
57205
12791
57203
57202
12794
69101
69102
69109
69108
21201
09402
80502
09401
36724
36727
36726
60430
60434
42739
90892
90891
90897
90896
90895
90894
90899
90898
54496
62341
54492
54498
21441
95702
95703
46942
95705
95706
46941
99102
99103
99101
90958
90725
11910
90769
42644
90726
90761
12335
12336
54810
54816
90766
70430
90723
18205
14780
85781
57974
57976
33771
15819
54252
18517
80982
33776
15810
54258
15812
85802
85803
85804
18778
15780
24333
18332
36912
57807
57802
62162
57808
76491
76309
76308
76307
76306
76305
76304
76303
76301
76470
76472
76479
54104
54106
15569
54102
03101
54108
57742
45742
24799
24303
24793
24792
24797
24794
79235
76273
76272
76271
76270
88319
57931
76879
51372
15212
15213
15211
76873
76874
88104
57692
12658
76901
76900
76902
88221
85198
88223
88222
12657
82332
82335
51202
79892
79893
79896
16897
21832
90952
90953
90950
90951
90956
90957
90954
90955
21051
90959
85423
82241
82242
57212
57214
57216
21236
69112
69110
60151
60402
60400
76448
36736
36738
57104
57106
57100
57101
90884
90885
90886
90887
90880
85340
90882
90883
45710
62372
46977
54806
54800
11135
57362
57363
42652
53689
90772
09502
90771
80405
90774
70424
18232
33340
33342
33448
45879
57963
57960
57961
57965
80315
70332
80316
09345
33765
18525
18303
57319
33446
24321
48729
45870
48723
76488
62391
45959
47858
76480
54738
45952
76487
79152
76465
76462
76460
15519
54114
54112
03445
24492
03441
79337
79333
15685
15998
15997
15990
82102
82103
82101
24782
47825
76260
79201
79200
76265
79204
76269
79209
88307
90842
39245
36835
27782
36495
73360
73365
76910
90776
11512
51744
54410
51212
51742
82325
19500
21820
90969
90968
90967
90966
90965
90964
90963
90962
90961
90960
85221
88120
06250
79198
80990
21228
21229
60415
60419
36708
57488
36703
11731
11732
70635
54474
05610
46963
33111
90746
90745
33112
09510
54874
90740
54879
60705
60706
60701
60703
90985
90984
90981
57398
90983
42888
80413
80410
36410
57391
42882
57392
70459
33338
46736
70451
70453
80895
70455
39647
39646
45818
45811
45810
39648
85770
45720
33756
54907
66550
53589
54270
18311
54720
54051
54728
76188
54294
54292
39500
48755
54298
48757
05873
05872
57821
57825
05874
99650
27412
18798
18799
18220
54246
76451
76457
76104
76101
85310
54122
54126
54124
03122
03121
03125
03124
79320
47936
14740
14746
79326
79327
24262
47938
66240
90754
79450
31402
03545
82132
57608
79214
76294
79211
19442
76857
76854
76850
06640
51428
54342
51422
24442
24441
27792
80812
27791
39251
32410
73420
73351
80811
73358
88756
12635
12636
57466
76922
76921
76925
76924
82487
82482
51730
51732
51224
33762
90978
90979
90970
90971
90972
90973
90974
90975
60399
60398
57764
57765
12748
57762
12743
12742
82262
69134
45950
21785
69130
69131
57010
57011
17690
57818
17699
45993
36247
36712
57499
57162
33224
57164
80242
80241
80244
36754
54468
70194
33996
54462
21369
46915
33102
33100
33101
54866
33107
33104
88747
90758
90782
57386
57384
33228
57382
42896
09708
09700
62358
57941
45809
45806
45807
16863
45802
45803
21765
57517
45733
45734
54260
54262
54264
54266
54734
54732
85408
03738
69160
03730
54284
48749
54282
48742
48743
15750
48747
45938
57838
45933
57837
57833
30102
47891
47890
03130
62299
76447
33124
24491
54134
54135
54136
54132
27533
27530
47946
14751
79049
45991
06720
06721
33466
47762
85744
82129
18100
82121
82122
82123
51330
79268
76287
19750
79267
79266
88324
88326
31302
90742
73501
88329
76847
51348
19051
51342
51344
51346
32400
32402
73340
82789
82785
82780
82782
17615
88211
88740
90862
82303
82304
51231
51232
11532
11531
82491
51728
19451
51722
51726
57711
57710
57713
57712
57715
57714
57717
45601
57719
12757
82272
82273
16995
16997
16990
57023
69140
57021
57027
11920
90715
90716
85370
80251
27775
57716
21801
24787
21804
88105
57154
57153
05671
54458
57440
57442
54452
09746
21372
21373
21370
46904
46905
54316
54858
54856
54852
51442
10661
70507
70506
70505
70504
70051
70050
70501
70500
33202
09710
24051
46834
48510
45837
45836
46838
21770
36051
85794
36502
54706
03700
45907
45906
33790
33797
33796
45901
33794
33798
05810
05813
57842
05814
18240
70471
36402
03412
03410
15529
24201
12995
47953
47957
47954
30202
76724
76051
79051
36208
15415
33132
15412
15413
85115
88352
15251
51406
51404
24422
90714
51399
88770
51242
51712
51246
88303
24731
39120
82461
82460
48792
19550
57702
57703
57700
57701
57706
57707
57705
57708
82201
82202
21484
69159
21901
21900
57520
21902
69156
69157
69155
79905
79906
79907
79909
17672
80220
57140
57141
57142
57143
57144
57456
57454
21341
53711
46939
36198
60590
79876
54844
80680
57030
57031
70512
80136
80130
85412
48505
45826
45820
45821
45823
33499
45828
45829
36998
46903
36996
36997
36995
18879
54444
21374
42100
42101
85102
48185
15887
54718
15882
54714
54711
54712
27421
45914
45915
33780
57858
79112
79110
33302
03620
18904
18906
18902
18725
03402
18051
30302
62266
33332
57436
06700
06702
06704
15391
15462
79244
79242
70503
70502
42607
76132
76133
88340
88347
88344
88348
88349
51410
45753
88905
47743
88901
85729
06900
19726
32202
32203
32200
11552
12605
51250
82324
82474
74802
73250
73255
57737
57733
06051
57731
21127
45835
57274
36217
60102
36218
60105
80230
80236
80235
90834
90837
90830
82505
82502
46740
57600
57607
57604
21355
21356
21357
46929
57468
05650
57192
57191
57194
88470
53831
90789
90783
79800
90781
36326
90785
90784
10602
57516
57515
57514
57513
57512
57511
57510
57519
54892
54897
45854
54894
48579
54898
21599
57997
70381
54948
54432
54768
85746
48799
54762
48791
54764
48793
54766
57866
57863
57862
05831
05830
48405
09802
09801
79104
99451
99452
70499
70495
54384
54382
70492
54166
54162
54160
90768
76389
54364
54366
54362
54368
09932
76707
76705
54240
15385
15381
47998
79254
79255
85881
76419
06600
66171
06607
88370
03210
76891
15075
24401
27756
76378
27755
57840
79492
79490
79491
