73469
19712
19710
11542
88718
11541
51262
82198
24718
19402
32302
76104
73260
60358
60357
57729
82222
82221
57720
57721
57722
57723
88398
17654
57291
57292
60130
36202
36203
36201
80595
57614
57615
57616
57617
57610
57611
57612
57613
90826
90827
57618
57619
90820
57845
47885
11761
99200
95794
57470
57472
90794
90796
90790
90792
90793
57184
57186
21610
57182
57500
57501
57502
21292
57505
57506
57507
57508
57509
80110
85434
53607
53606
53605
48567
45844
48565
54884
54886
48569
53608
62402
27995
54952
54950
54954
21720
12235
85506
85051
54424
85508
09051
33213
54770
33211
54774
57876
57878
57879
48415
82192
95773
21257
54398
21256
70488
48095
54390
54396
70481
76390
54172
76394
76395
54178
21700
54374
79396
24231
54378
33894
32300
33896
33892
15441
33893
03510
33114
90740
66184
33051
79051
88368
76887
76880
76882
06619
76888
88366
51472
03202
82051
85981
27760
27765
66500
66501
66502
90980
90982
09455
88709
88702
88706
09105
06100
82456
09104
82450
82451
51271
66760
82189
74951
57392
82185
09851
51299
12710
82232
88382
88380
82989
19700
19701
21112
21110
21111
21116
21117
21115
57265
21118
85611
54998
16711
90819
11754
11753
11752
80210
80211
90811
90810
90817
90816
90815
51102
11592
82522
95789
17655
95780
95781
95784
21606
85198
21603
80104
80100
85423
57892
17653
85429
10620
57316
42801
09222
45872
09220
09221
17755
05589
90713
18849
45782
54964
18845
48315
54414
54412
70650
70346
70340
70343
70342
54988
57888
57884
48135
57880
57882
30402
54188
76365
18829
76361
18712
09911
09912
80815
79386
80813
54344
03345
03344
45895
45897
45891
90828
90829
45898
54272
54746
54744
54742
33997
54740
33998
03741
03740
15451
15453
76501
76502
85320
76378
24391
76379
66373
31202
54192
66400
06620
27774
27775
27770
54190
51442
62141
57751
15050
06820
57753
88950
27557
90706
82427
24778
80311
18794
76773
80180
19601
19600
12726
12722
85241
24422
62381
27390
19770
45922
21127
21126
21125
21124
57272
90804
90805
90800
90801
90802
90803
36220
16722
16721
36226
11741
11742
69151
51132
82889
33234
82881
82887
82884
57418
85742
21380
57416
57417
03750
80051
36310
32100
32103
32102
60791
85452
85455
12100
45986
46661
69191
62400
09218
57302
57300
46840
45860
45862
45865
45866
09214
57097
57094
57095
57093
46683
57091
21259
57098
57099
45792
45790
60460
45795
54970
54971
57503
48305
54400
09106
54402
70643
09102
54406
54996
18546
15845
90889
57898
99400
57895
62311
57890
48125
95753
05689
95755
95754
51246
33456
18432
33451
33458
03350
54198
48563
76377
76372
76373
76370
27551
80820
54358
27555
27556
48051
54354
54350
54352
57981
76772
45887
45884
45885
57982
45880
76778
57983
45888
45889
54750
54752
54754
54758
30502
03755
18380
70311
76511
14740
18360
85755
15111
51324
15113
15112
17997
24382
66360
79285
15599
47831
47830
76206
90737
51452
76198
31105
31106
31107
79350
79353
31108
79358
88720
90735
51051
82434
39390
24761
90858
19610
12739
73051
54422
57376
19760
73458
57799
60499
16731
57791
21132
57792
90873
90875
90874
90877
90876
90879
90878
85734
90763
60250
60251
88051
06300
57641
85393
21881
82542
51122
20865
20863
33350
80495
85442
85446
85444
90906
90902
57333
57336
73499
48205
21241
39800
39802
57424
57422
57421
57420
70101
09445
57429
57428
48441
85712
70366
45742
54214
18552
54210
18551
09204
54500
90727
54502
90720
09202
69153
69150
15612
18778
76348
31102
69156
05413
54320
54322
54324
57934
57931
57930
48599
15851
18390
18396
79293
48729
15819
15589
47820
18517
76233
79509
76235
79504
79505
76239
76238
79501
79502
79503
70486
79345
79342
06800
90724
82399
88998
06799
24752
85601
82401
74902
85602
19620
88198
76836
76831
76830
51336
51331
19752
51332
16741
17619
51802
57782
57786
17615
57784
12051
90869
82572
12690
82372
90722
17791
16363
47866
48341
95916
06200
90917
90914
90915
90912
80151
39251
70492
57258
57328
85490
45620
57320
45625
39810
05571
60449
85612
46991
46990
57432
57434
46997
57437
85723
48453
48105
54208
54204
54202
70371
09871
09302
95731
95730
95733
95732
95735
95734
48215
48217
90732
70208
54842
18984
18980
60599
54338
54332
90943
76751
57928
57929
15823
15826
85419
90888
18340
18347
18349
80520
66301
66307
36747
36746
18747
33895
18745
33897
76352
76353
47813
33898
15569
90944
76227
03240
15559
27721
70490
05899
79375
09861
06810
79379
79401
66050
66051
73100
82389
51222
82385
82387
15312
19101
82144
82142
82416
82141
60309
57798
60302
60303
27100
51499
19740
19742
57241
51812
57522
80705
90857
90853
90852
90979
06362
06363
21882
06361
27217
27216
95720
60051
21640
57139
57135
57134
57137
57136
57131
57130
57133
57132
90928
90923
90922
90921
90920
90925
90924
57221
57223
57222
57225
90976
57227
57229
57228
03900
85484
85482
85480
57351
57353
57355
80992
05540
21260
70161
60458
60459
60450
60453
42752
54833
46988
54832
36295
42200
62325
54238
45765
45987
54232
45985
45984
45983
45980
70416
85211
15883
21460
24101
36900
90701
54838
90705
90704
11935
33402
45619
11930
54306
70417
54304
18992
54302
18990
54300
85261
57801
70418
03302
18995
54308
39600
39606
27421
54788
54780
54786
54784
76783
76782
76787
57521
47804
47805
45960
47802
45962
24352
24355
62103
18752
18759
69136
47814
79231
15540
15549
90750
15491
15492
15493
79365
79361
79362
79412
51799
88467
82172
33650
82281
82289
57808
06995
51312
60200
60203
60206
16761
90848
42560
90840
19799
90844
90845
90846
90847
82599
82592
51776
19644
51772
51778
90975
46738
57128
57129
57126
57127
57125
57122
57123
57120
57121
70401
90935
90936
90937
90930
90931
90932
90933
90938
90939
80602
57232
57230
57231
85251
57349
80195
57340
46880
57347
62299
60429
36755
80515
36757
80511
60421
12090
80280
42744
45998
45999
70319
27454
80993
09322
80991
05889
45995
80995
45997
95717
95713
95712
95711
95718
45963
47803
45600
11929
36911
90718
11920
90715
90717
09520
54821
54310
54312
70122
09741
09742
03310
03311
54792
54798
57901
48577
54226
54220
54222
15802
15151
60779
85812
76795
24341
48700
18321
33106
90755
45977
33104
47877
47878
76430
79772
76332
06400
76335
76339
88502
88505
76245
66210
47908
79311
57391
47900
79422
47721
47722
27051
82162
82163
90941
79224
79223
85716
82292
15463
88898
45740
73495
15200
51302
76800
76801
73120
16778
60210
80720
85719
73300
88250
82580
19650
51762
85890
82344
82345
82342
79881
79880
57118
21660
57112
57117
80614
90940
80616
90942
90945
80611
90947
90946
90949
90948
60501
21997
57599
57598
12799
57208
12792
57205
12791
57203
57202
12794
69101
69102
69109
69108
21201
09402
80502
09401
36724
36727
36726
60430
90756
60434
15499
90893
90892
90891
90897
90896
90895
90894
90899
90898
42735
90957
54496
62341
54492
85752
54498
95700
95702
95704
95705
95706
46941
99102
99103
99101
90958
11910
42644
12335
12336
54810
90764
90767
90766
70430
18205
14780
85781
57974
57976
33771
54250
54252
54266
18515
54258
15814
85804
33889
15780
15783
18332
36912
47863
57807
05851
57803
57802
62162
76492
76309
76307
76306
76305
76304
76303
76301
76470
79780
76472
76479
54104
54106
54738
54102
03101
54108
57744
95923
79309
79431
24799
24303
24793
24792
24797
24794
79232
76271
76270
88319
76879
51372
15212
15213
15211
51378
76874
88104
42500
42501
57692
12658
76901
76900
76902
88221
88220
88223
88222
12656
12655
82338
82332
82335
51202
79892
79893
79896
16897
16899
32202
21832
90952
90953
90950
90951
90956
32200
90954
90955
21051
90959
82241
82242
57212
57214
57216
21236
69112
69110
60151
60402
60400
36736
36738
57104
57106
57100
57101
90884
90885
90886
90887
90880
85340
90882
90883
54480
45710
51250
46977
54806
54800
54802
57362
57363
42652
53689
90772
09502
80405
90774
05997
70424
18232
33340
33342
33448
45879
57963
57960
57961
57966
57965
33762
80314
70332
80316
09345
33765
18525
57319
33446
24321
48551
45870
48723
76488
57817
62391
47858
76480
47856
45956
45957
45950
45952
76487
76311
79154
76465
76462
76460
15519
54114
03445
24492
57450
03441
79336
79335
79333
79332
79338
15998
15997
15990
82102
24786
82101
82104
33444
47825
15191
15193
15192
76260
79201
79200
76265
79204
76269
79209
88307
88305
90842
27789
39245
36835
27782
36495
57997
90773
73360
73365
76910
11512
51744
54410
51212
51742
82325
19500
21820
90969
90968
90967
90966
90965
90964
90963
90962
90961
90960
85221
88120
06250
79198
57466
80990
21228
21229
60415
36708
57488
36703
11731
09101
70639
70635
54476
05610
46963
33111
90746
33112
09510
54874
90741
54876
60705
60706
60701
60703
90985
90984
90986
90981
57398
90983
42888
57516
36410
12356
42882
12355
70459
33338
46736
70453
80895
70455
39647
39646
45818
45811
45810
39648
90934
85770
45720
33756
54274
53589
54270
18311
54726
54720
54051
03051
54294
54292
39500
54298
48757
05873
05872
18796
05876
57825
05874
27412
54240
18220
54246
76453
76451
66390
76101
85310
54122
54126
54124
03122
03121
54248
03124
79321
47936
47937
14746
24262
47938
90754
47719
79450
31402
03545
16597
82132
57608
79218
79219
76294
19442
19440
57823
88339
76850
88330
06640
76859
76858
51428
54342
79380
51422
24442
24441
95919
95918
95915
95914
95917
27791
95911
95910
95913
95912
73420
73351
80811
73358
12635
12636
06461
06462
06466
76922
76921
76925
76924
82487
82486
82481
51730
51732
51224
90978
32400
06262
06261
90970
90971
90972
90973
90974
32402
60399
90977
57764
57765
12749
57762
12743
82262
69134
69135
21785
10670
69130
69131
57010
57011
17690
57818
17699
45953
42701
36247
36712
57499
57162
33224
57164
80243
80242
80241
11728
05600
70194
33996
54462
21369
46918
79152
54862
90751
33100
33101
54866
33107
54864
88747
54868
16864
90782
57386
57384
33228
57382
42896
09708
36326
09700
57941
45808
45809
45807
16863
45802
45803
21765
57517
21761
21762
54268
45733
45734
54260
54264
18815
54737
54734
54732
54733
69160
03730
48749
54282
48743
15750
48747
45938
57838
45931
57833
30102
47891
47890
03130
05331
15539
33124
24491
27533
47947
47946
14751
79049
62358
06720
06721
47761
47762
85744
82129
18100
82121
82122
82123
24392
79268
19750
88324
88326
31302
73501
51348
19051
51342
51344
51346
95908
95909
95906
95907
95904
95905
95902
95903
95901
73340
82789
82787
82780
88746
88211
88740
82303
82304
51231
51232
11532
11531
51728
19451
16199
80655
57711
57710
57713
57712
57715
57714
57717
57716
57719
11792
82272
82273
16995
16997
16990
57023
69140
57021
57027
90714
24784
85370
03232
11925
21800
21801
21804
57156
57154
57153
05671
54458
24782
57442
54452
54450
48351
21372
21373
21370
99252
99250
99251
54858
54854
54852
54850
10661
70507
70506
70505
70504
70051
70050
70501
70500
18482
33202
18484
09712
09710
09711
24051
46834
45830
45836
46838
21770
36051
54928
85794
85793
85791
15744
15745
33776
03700
99670
45906
33797
45902
45901
33794
33798
05810
05813
57842
05815
05814
57847
18240
70471
36402
03412
03410
76431
15529
76432
47880
76434
24201
12995
47953
47957
47954
30202
76051
76050
06712
36208
33132
15412
15413
54224
80255
51408
15251
51406
51404
95931
95930
85811
51399
11525
88770
90910
90911
51242
51712
11712
24731
39120
24739
48792
19550
60372
57702
57703
57700
57701
57706
57707
57705
57708
12767
82201
82202
21484
69159
33102
21901
21900
57520
21902
21905
69157
69155
85491
17672
57440
80221
57140
57141
57142
57143
57144
57456
57454
21341
48343
57458
53712
36198
57323
54848
60590
79876
54844
10610
57030
57031
70512
80136
80130
85412
48505
45820
45821
45823
33499
45828
45829
36998
36996
36997
36995
18879
54444
70600
21374
54442
42101
85102
54718
54714
54716
15889
45911
45914
33786
33780
57858
57859
57857
57855
33302
03620
18904
33658
18906
18902
18725
03402
18726
18051
30302
27510
33332
57436
06700
06702
06704
15391
15462
79242
70503
70502
76134
76137
42607
76133
88340
88347
88344
05499
45753
95924
95925
95926
95927
95920
95921
95922
39200
95928
95929
88905
47743
88901
85729
06900
19726
51380
32203
51382
11554
88765
12605
51702
21702
74802
60367
73250
73255
57737
57733
06051
57731
57276
45835
57274
21170
36217
60102
60105
80230
80236
90838
80235
90835
82505
82502
21470
57601
57600
57607
57604
21350
21355
21356
46928
57468
05650
57192
57191
57194
88470
53831
90789
70201
90783
79800
90780
90784
10602
10603
57515
57514
57513
57512
57511
57510
57519
48571
54892
48573
54890
48575
45854
45857
54894
48579
54898
57999
21599
46815
46810
70381
54948
54433
54432
80343
85746
48799
54702
54762
48791
54764
48793
54766
57866
57863
57862
05831
05830
48405
09801
79104
99451
99452
70499
70495
54382
54380
76387
54166
54164
76383
76382
15090
76389
54364
54366
54360
54362
54368
45907
09932
76707
33796
15385
15381
47998
79250
79253
85881
06600
06607
06606
88376
88375
88370
03210
76892
15075
24401
36315
27756
27755
57840
79492
79490
79491
