73469
19710
48581
11541
57929
51262
82198
82442
82192
32302
32300
60358
12705
12707
85455
60357
57729
82225
57720
57721
57722
57723
88398
17654
57291
57292
17652
60130
36202
36203
36201
80595
57614
57615
57616
57617
57610
57611
57612
57613
57618
57619
85320
47885
46700
11761
99200
95797
95794
57470
57472
95790
90796
36740
90790
90791
90793
57184
57186
90798
21610
57182
57500
11617
57502
21292
57505
57506
57507
57508
57509
80110
57984
53606
54888
48567
45844
48565
54884
45848
48569
70240
53608
09218
27995
62465
54952
54950
54954
21720
12235
85506
54420
85051
54424
85508
54778
09051
33213
54770
33211
15861
54774
57874
57875
57878
57879
48415
95773
57094
54398
57095
70488
48095
54390
54396
70481
76390
54172
76394
76395
54178
54376
79397
79396
24231
54378
62241
62245
33895
18745
33897
67101
33111
67366
15441
03510
33114
45795
66184
76407
76050
88368
76887
76880
76882
06619
76888
88366
03202
82051
85981
27760
27765
66500
66501
66502
90980
90982
09105
06100
82456
09104
82450
57391
51272
33795
91847
57963
91845
82189
91843
74951
57392
82186
91848
09851
85102
12710
82232
88382
82235
21470
82989
19704
19707
19700
19703
21112
21110
21111
21116
21117
21115
57265
21118
54998
16711
11754
11753
11752
80210
80211
51102
82522
95789
17655
95781
95784
79821
21606
85198
21603
80100
80101
80102
85423
57892
17653
85429
69185
69186
57316
45879
09222
45872
09220
09221
46870
05589
95756
18849
45782
90940
18842
18845
48315
54414
54412
70650
70345
70340
70343
70342
54988
57888
57884
48135
57880
48137
30402
21420
18440
88358
76369
54188
76365
76364
18829
76361
18712
76362
09911
09912
80813
54344
03345
03344
45895
45897
45891
45898
54746
54744
54742
33997
54740
33998
03741
54748
15451
15453
76501
76502
67373
24392
24391
76379
31202
80315
54192
06622
27774
03232
27770
54190
21374
51444
76188
62141
57751
90973
15050
06820
57753
88950
27557
11561
90706
90975
82426
91852
91853
91857
80311
47849
80180
19607
19601
19600
69152
12726
12725
12723
12722
85241
90977
57825
27390
19770
82085
17637
21127
21126
21125
21124
57272
90802
36220
16722
16721
36226
11741
11742
69151
51132
82889
33234
82881
57418
85742
21380
57416
99222
99221
80481
03750
80051
36310
32100
32103
32102
60791
45953
12100
03755
88770
45986
69195
46661
69191
62400
62402
57300
46840
45860
09214
57097
21257
21256
57093
46683
21700
21259
57098
57099
45792
45790
60462
54970
54971
60469
57051
48305
09455
09106
54402
70643
54404
09102
09101
54996
15849
76511
85701
18545
18546
15845
90889
57898
99400
57895
62311
57890
48125
95753
05689
95755
51246
18432
33451
33458
03350
54198
48563
76377
18765
76373
76370
18766
27551
80820
54358
27555
27556
48051
54354
54352
57981
76772
76773
45884
57982
45880
85851
57983
45888
45889
54752
54754
54758
54759
54886
18380
45849
95801
67301
67302
85345
18360
85755
15111
51324
15113
17997
24382
79282
79281
79285
24262
15599
47831
47830
95705
76206
66149
06630
95709
51452
31105
31106
31107
79350
79353
79359
88723
90735
51051
82434
39390
24760
24765
19610
73051
54422
19760
73458
57799
60499
85501
57791
21132
57792
57797
57796
90877
90879
90878
90763
60250
60251
85117
82890
88051
06300
57641
11792
82542
51122
20865
20860
20863
33350
80495
85442
85446
90906
90902
27217
57333
57337
57336
57338
73499
48205
46693
21241
39800
39802
60470
80380
57426
57424
57422
57420
70101
09445
57429
57428
85716
85712
70366
48447
70364
54214
18552
54210
18551
09204
54500
54502
90721
90720
09202
69153
69150
76349
76348
31102
69156
18771
76347
54320
54322
54324
57934
57937
57931
57930
31108
48599
57938
18390
15859
18396
48729
15100
24371
15589
76233
79509
76234
79504
79505
76239
33776
79501
79502
79503
70486
79347
79345
79342
70480
79348
06800
90724
45887
82399
90924
06799
85601
82407
24759
74902
85602
19620
88198
90737
76831
76838
51338
51334
82711
82710
51331
19752
51332
16741
17619
51802
57782
57783
57781
57786
17615
57784
57785
12051
80710
80713
73331
80717
51350
82572
12690
82374
82372
21870
57807
16363
27792
10697
48341
27791
06200
90916
90917
90912
80151
39251
70492
32410
57258
57328
45620
57320
45625
39810
05571
46991
46990
57432
57434
46997
57437
57438
85723
48453
48105
54208
54204
54205
54202
70371
09871
09302
62338
79164
95739
95738
95731
95730
95733
95732
95735
95734
21476
48215
48217
90733
70208
90869
54842
90738
18410
18984
18980
60599
54338
54339
54332
57926
90943
48585
76755
57928
48583
15820
15826
85419
90888
15485
18347
80520
66301
66307
70496
24361
33894
76355
47819
18744
18742
33892
33893
47813
33898
18749
15569
90944
76227
76223
03240
15559
90947
79373
79372
79375
09861
06810
79379
79401
66050
66051
73100
82389
51222
82385
82387
15312
19101
82144
82142
82416
82141
91882
91880
57798
60302
60303
16731
27100
51499
19742
57241
51812
17601
57522
16597
90857
90979
06362
06363
21882
06361
19630
27216
60051
21640
57139
21860
57135
57134
57137
57136
57131
57130
57133
57132
90971
90928
90923
90922
90921
90920
90927
90926
90925
80642
57221
57223
57222
57225
90976
57227
57229
57228
80640
03900
85484
85485
85482
85480
57351
57353
17791
57356
80992
05540
21260
70161
60458
60453
42752
54833
46988
54832
42201
85765
54238
45765
45987
54232
45985
45984
45983
45980
54304
85211
95720
24101
90703
36900
90701
90707
54838
90705
90704
11935
33402
45619
11930
54306
70417
70416
18992
54302
18990
85261
70418
03302
27582
54308
39600
39606
54788
54786
54784
76783
76782
76787
15121
33228
57521
15129
85760
47804
47805
79740
47807
45960
47802
45962
24352
82492
24355
24354
18752
18759
69136
47814
76270
15540
15549
15495
15496
15497
79365
79361
79362
51799
88467
82172
82281
82289
76819
06995
51312
36712
60200
60203
85449
33889
60206
16762
16761
90848
42560
90840
19799
90847
82599
18723
82592
51774
19644
51772
51778
46738
18995
57129
57126
57127
46736
57122
57123
57120
57121
90934
90935
90936
90937
90930
90931
90932
90933
90938
90939
80602
57232
57230
57231
85251
57349
80195
57340
46880
57347
60429
36755
36757
80511
82305
60422
80518
91844
12090
20853
42744
45998
45999
27454
80993
09322
45992
05889
45994
45996
45997
95717
95714
95713
95711
95710
45963
47803
45600
11929
90718
11920
90715
90717
11925
90712
54310
54312
70122
09741
27591
27592
70401
03310
03311
03315
62103
54792
54798
57901
54224
54226
54222
15802
85811
33102
85812
76795
24341
48700
18321
33106
90755
45977
90756
76430
76333
76335
88502
76241
88505
76245
15579
66210
47908
47900
47721
47722
79428
27051
82162
82163
51780
51782
95891
82292
88898
73495
15200
51302
76807
76800
76801
76802
73120
16778
60210
42510
80136
85719
73300
73301
88250
82580
19650
82344
82345
82343
79881
79880
57118
21660
57112
57947
57117
90941
80615
80616
90942
90945
80611
80612
90946
90949
90948
60501
21997
57599
57598
57597
12799
57208
12792
57205
12791
57203
57202
12794
69101
69102
69109
69108
21201
09402
80502
09401
36724
36727
36726
60430
60437
60434
60435
90893
90892
90891
90897
90896
90895
90894
90899
90898
42735
90957
54496
62341
54492
45701
54498
95700
95702
95704
62585
95706
46941
99102
99103
99101
90958
90725
11910
88345
90769
42644
57375
57374
85118
12335
12336
54810
54816
90767
90766
70430
90722
18202
14780
85785
85781
57974
57976
33771
15819
54252
18517
18515
54258
15812
85803
85804
18778
15780
15782
15785
18332
36912
79769
45941
57801
45946
57802
62162
76496
76493
57808
76309
76307
76306
76305
76304
76303
79163
76301
76470
76472
76479
54104
54106
54738
54102
03101
54108
91701
57744
95923
79302
79301
36747
79432
24799
24303
24793
24792
24797
24794
79232
79233
76271
79231
17910
76879
51372
15212
15213
15211
51378
76874
88104
57305
06400
57692
76901
76900
76902
88221
88220
88223
88222
12657
82338
82332
82335
82334
51202
79892
79893
79896
16897
16899
32202
21832
90952
90953
90950
90951
90956
32200
90954
90955
21051
90959
85422
82244
82241
82242
57212
57216
21236
69112
69110
60151
60402
60400
57104
57106
19750
57100
57101
57102
42722
42723
90886
90887
57109
90883
54480
57501
51250
90884
46977
90885
54800
54802
54808
85340
57362
57363
42652
53689
09502
90771
90776
90774
05997
57503
70424
18232
33340
33342
33448
36495
62480
57960
57961
57964
57965
54242
70332
80316
09345
80312
18525
57319
33446
24321
48551
45870
48723
76488
57817
62391
27530
47858
45954
45955
45957
45950
45952
76487
67050
76467
76465
76462
76460
15519
54114
54111
24491
24492
03441
79331
15998
15997
15990
79440
82102
15355
82101
82104
47825
76260
79201
79200
76265
67470
76269
79209
91827
91826
91820
91823
91822
95857
91828
54962
90842
88301
82742
76866
39245
53720
27782
60239
36708
57997
73360
73365
76910
36295
51744
54410
51212
82324
19500
21820
90969
90968
90967
90966
90965
90964
90963
90962
90961
54980
85221
88120
80991
06250
79198
57466
80990
21228
21229
60415
57486
57488
36703
11731
80275
85351
70639
70635
05610
46963
80995
90746
33112
09510
54874
33758
60705
60706
60701
60703
90984
90986
90981
57398
90983
42888
80413
80410
36410
12356
42882
12355
70459
33338
57125
70453
80895
70455
39647
39646
45818
45815
45816
45811
45810
39648
85770
85775
45720
33756
54274
53589
54270
18311
54726
90750
54051
88326
03051
54294
54292
39500
54298
48757
05873
05872
05876
18792
45923
45922
18798
54240
18220
54246
76453
33765
76101
85310
54122
54126
54124
03122
03121
54248
03124
79321
14740
14746
79326
79329
47938
90754
79450
31402
47713
03545
88376
82132
57608
79219
76294
79216
79217
91834
91835
91832
19442
76857
76854
76853
88330
06640
51428
54342
51352
51422
24442
24441
95919
95918
95915
95914
95917
95916
95911
95910
95913
95912
33051
73420
73351
80811
36835
73358
12631
12636
06461
06462
06466
76922
76921
76925
76924
82486
80818
82481
51730
51732
51224
33762
90978
32400
06262
06261
90970
45958
90972
80644
90974
32402
60399
60398
57764
57765
12749
57762
12743
12742
82262
69134
69135
21785
10670
69130
69131
57010
57011
17690
57818
17699
47850
42701
57496
57497
36247
57498
57499
57162
33224
11723
57164
80242
85360
80244
36754
54468
70194
33996
54462
99480
21369
46918
21366
54862
90751
33100
33101
54866
33107
33104
90758
54868
90782
57386
57384
57385
57382
57383
42896
57381
09708
09700
09702
57940
57941
45808
45809
45807
16863
45802
45803
21765
57517
57516
54268
45733
45734
54260
54262
54264
54266
54734
54732
54733
69160
03730
48749
54282
48743
15750
48747
48745
45938
57838
54278
45933
45930
45931
57833
80120
30102
85749
47890
03130
05331
15539
33124
03445
54134
47947
47949
14751
79049
62358
33896
05888
06722
06720
70311
33466
47761
85745
82129
18100
82121
82122
82123
79262
88324
91802
91801
91800
31302
91804
73501
88329
51348
19051
51344
51346
95908
95909
95906
95907
95904
95905
95902
95903
95901
73340
82789
17614
82787
82780
88211
88740
82303
82304
51231
51232
51728
19451
51720
16199
57711
57710
57713
57712
57715
57714
57717
57716
57719
12757
82277
82272
16995
99320
99321
16990
57023
69140
57021
90740
80254
85375
85370
80251
27775
24786
21800
21801
11717
21805
57156
57154
57153
05671
54458
24782
57442
54452
48351
09746
21372
21373
21370
99252
46904
46905
54858
54854
54852
10661
70509
70508
70507
70506
70505
70504
70051
70050
70501
70500
33202
18484
09712
09710
09711
24051
46834
48792
45836
46838
21770
36051
57863
85794
15744
15745
54708
45907
45906
16997
33797
27432
45901
33794
33798
05811
05810
57842
05815
05814
57847
18240
70471
36402
03412
03410
76431
15529
79204
47880
24201
12995
47953
67390
47957
47954
62051
30202
76051
79051
06712
36208
33132
15412
79270
91818
88357
91815
91816
91817
91810
91811
91812
42301
51408
15251
51406
70490
79471
95931
95930
51399
19731
54164
54162
51242
51712
11712
51718
95803
95802
39120
21804
24739
19550
60376
57702
57703
57700
57701
57706
57707
57705
57708
57709
12767
16299
82201
82202
82204
21484
69158
69159
21901
21900
57520
21902
21905
69157
69155
17677
17672
57440
57140
57141
57142
57143
57144
57454
21342
21341
53711
48343
57458
53712
36198
54848
60590
79876
54844
10610
80680
57030
57031
70513
80130
85412
48505
45820
45821
45823
33499
45828
45829
36998
36996
36997
36995
18879
54444
70600
99250
54442
42101
99251
48763
54718
54714
45911
45914
33784
33786
33780
33782
09812
57858
57859
57856
57857
33302
03620
18904
33658
18906
18902
18725
03402
18051
30302
03390
27510
33332
57436
06700
06702
06704
15391
15462
15395
79244
79241
70503
70502
76134
88340
88344
85722
51414
51412
05499
95924
95925
95926
95927
95920
95921
95922
39200
95928
95929
88905
47744
47743
88901
85729
06900
19726
51380
32203
51382
88765
12605
51702
51704
57128
82477
24729
74802
73250
73255
57737
57733
06051
57731
57276
45835
57274
80781
21170
36217
60102
60105
80230
80236
80235
46749
82505
82502
54406
46740
57602
57601
57600
57607
57605
57604
21355
21356
46928
46929
57468
05650
57192
57191
57194
20753
20751
53831
90789
42622
70201
90783
79800
90781
36326
90785
90784
10602
10603
57515
57514
57513
57512
57511
57510
90960
57519
54892
54890
48575
45854
45857
54894
54898
57999
46818
21599
46815
46816
91875
46810
70381
54948
54433
54432
54436
80342
80340
80341
03210
54768
85746
48799
54702
54763
54762
48791
54764
48793
54766
57866
05833
57862
05831
48405
57869
57868
79104
99451
99452
70499
70495
54384
54382
54380
76387
54166
03700
76383
76382
15090
76389
54364
54366
54362
09932
27560
76707
33796
47996
15385
15381
91786
91787
47998
79259
85881
24731
06600
06607
06606
91873
88375
88373
57417
76480
76896
15075
24401
36315
27756
27755
27750
27751
57840
79492
79490
79491
