73469
19710
19397
51262
82198
82442
24718
32302
32300
60358
60351
57729
82222
82221
57720
57721
57722
88398
17654
57291
57292
57293
17651
17652
60130
36201
80595
57614
57615
57616
57617
57610
57611
57612
57613
57618
57619
85320
47885
46700
11761
99200
57479
95797
95796
95794
57470
95792
57472
95790
90794
90795
90796
36740
90790
90792
57184
57186
21610
57182
15200
57500
11617
57502
21292
57505
57506
57507
57508
57509
80110
53606
53605
48566
48567
45844
48565
54884
45848
48569
70240
53609
73499
62402
27995
46863
62466
62465
54952
54950
70391
54954
24712
21720
12235
62360
54420
85051
54424
85508
54778
09051
33213
54770
33211
15863
57874
45866
57876
57878
57879
48415
85506
82192
95773
57094
54398
57095
70488
48095
54390
54396
70481
76390
54172
76395
76396
76398
54376
79397
79396
24231
54378
62243
62242
33895
47819
33897
67101
67363
33111
15441
90744
90743
03510
33114
90740
66184
67211
76050
88368
76887
76880
76883
88363
76888
03202
15499
82051
90748
85981
27763
27760
27765
66501
66502
90982
09106
88702
88706
09105
06100
82456
09104
82451
57391
51272
91847
91844
74951
91841
91840
57392
24700
91849
91848
09851
85102
12710
33762
85701
82232
88382
82235
82989
19704
19700
19703
21112
21110
21111
57265
54998
16711
11754
11753
11752
80210
80211
90810
51102
82522
57409
95789
17655
95784
57406
79821
21606
85198
21603
80100
85421
80102
80103
36303
57892
17653
53610
90712
57316
57310
42801
09222
45872
09220
09221
46870
17752
17755
05589
18849
45782
18841
18842
18845
90942
48315
54414
54412
70650
70345
70346
70340
70342
54988
57889
57888
48135
57880
48137
57882
30402
95760
85371
76365
18715
18716
18829
76361
79382
09911
09912
85735
79385
54348
03345
03344
45895
45891
45899
54746
54744
54742
33997
33996
33998
03741
03740
15451
15453
67373
76378
24391
76379
90971
31202
76214
54192
06622
06620
27774
03232
27770
54190
21374
62141
57751
15050
06820
57753
88950
88737
69101
90706
82425
90975
82426
24779
24778
91853
10702
80311
90976
47849
80180
19601
19600
69152
12726
12722
45883
85241
90977
76774
27390
19770
82085
60488
21127
21126
57274
21123
21122
21121
21120
69150
90807
76773
90802
36220
16722
16721
16725
11741
11742
69151
51132
82889
82888
33234
82885
57418
85742
57410
57416
57417
03750
36310
32100
32103
32102
60791
85452
85455
12100
03755
69195
33332
69191
62400
99089
09218
62405
57300
46840
45860
99082
99081
99080
99087
99086
46849
09214
57097
21257
21256
21702
46683
21700
21259
57098
57099
45792
45795
54970
33051
57051
33780
48305
09455
70641
54402
70643
09102
09101
54996
57933
18545
15845
99150
99400
62311
57890
48125
95753
90889
05689
95755
33456
18432
33451
33458
03350
54198
48563
76374
18762
18765
76373
76370
18766
27551
80821
54358
27555
27556
48051
54354
54888
54350
54352
76772
45887
45884
48564
45880
76778
45888
45889
85752
54754
54758
24731
15505
54886
18380
45849
39120
67301
76511
18360
85755
15111
15113
79325
17997
24381
24384
79282
79281
17999
15599
47831
47830
76206
66149
51452
79355
31105
31106
31107
79350
79353
79352
31108
79358
88724
57833
90735
51051
82434
39397
39390
19617
19615
19613
19610
73051
54422
19291
57376
47804
19760
57374
73458
57799
60499
85501
57791
21132
57792
57795
57794
57797
57796
33796
57701
42799
90879
90878
60250
60251
90762
82890
88051
06300
57641
06363
82542
90766
51122
20865
20860
20863
33350
80495
85442
90909
90906
90902
54772
57333
57337
57336
57338
48205
54774
21241
39800
16735
39802
60473
60471
57424
57422
57420
70101
09445
57429
09441
48441
85714
09841
85712
70366
48447
48446
54214
54216
54210
54212
96701
96700
09204
54500
54502
54505
54504
09202
69153
57689
33889
76348
31102
96709
18771
76347
76346
18775
54328
54320
54322
54324
57934
48596
48595
48599
57939
57938
15850
18390
15859
18396
79294
79295
48729
79299
15100
24371
47825
47820
76233
76232
79509
79504
79505
76238
79501
79502
79503
70486
27715
79342
70480
06800
90724
90925
82399
82396
06799
24752
85601
90958
54178
74902
85602
19620
88198
99090
76835
76831
51338
82711
82710
51331
19752
51332
16741
17619
51802
57782
57783
57780
57781
57786
17615
57784
57785
12051
73331
80717
80718
51350
82572
12690
16863
82374
82372
21870
17791
57807
16363
27792
57801
10697
27791
42301
90919
39250
90912
90913
95910
70492
57258
57328
45620
57320
45625
99397
21270
39810
05571
46991
46990
57432
57434
46997
57437
53777
48453
85721
48105
54208
54204
54205
54202
70371
09871
09302
51384
95738
95731
95730
95733
95732
95734
48215
48217
90733
70208
18415
90869
54842
18410
18984
18980
60599
54338
54332
85777
48585
48581
57928
48583
15820
15829
85419
90888
15485
18347
96762
66301
66307
36295
24361
33894
18746
18745
18744
18742
33892
33893
47813
33898
18749
15569
90944
76227
03240
15559
62322
05899
79370
09861
06810
66050
66051
73100
73101
82389
80811
51222
82385
82387
15312
19101
82144
82142
82416
82141
91889
91882
91880
57798
60302
16731
76827
76824
76822
76823
27100
51499
19740
51324
57241
51812
17604
17602
17601
57522
80705
90979
06362
11792
21882
06361
27217
27216
21460
96705
60051
21640
96706
57139
90877
96703
96702
57135
57134
57137
57136
57131
57130
57133
57132
80646
16371
90973
90923
90922
90920
90927
80630
90924
57221
57223
57222
57225
80641
57227
57228
80640
03900
57358
85484
85485
85482
85480
57351
57353
57355
57357
80992
57760
05540
21260
60458
60459
60450
60453
42752
54833
46988
11930
42201
36746
54238
45765
45987
54232
45985
45983
62329
45980
70416
15883
53788
95720
24101
36900
90701
54838
90705
90704
11935
33402
45619
54832
54306
70417
54304
18992
54302
18990
85261
70418
03302
05432
05430
27582
54308
39600
39606
54788
18578
54786
54784
76783
76782
76780
76786
33228
57521
57944
45965
47805
45966
45961
45960
47802
47803
24352
24356
24355
62103
18752
18757
18759
69136
47814
76270
15540
15549
90750
79365
79360
79361
79362
51799
51790
82172
96710
57493
82281
85446
06995
51312
51316
60200
85449
60206
16761
96766
42560
90840
19799
51174
82599
82592
51774
19644
51772
51778
96716
96714
96712
96713
18995
57129
57126
57127
57125
57122
57123
57120
57121
70401
90935
90936
90937
90930
90931
90932
90933
90938
90939
80602
96763
57232
57233
85251
46888
57340
46880
46885
57093
60429
36755
36757
80511
60422
60427
60426
12090
20853
42744
45998
45999
80999
27454
80993
09322
05888
05889
45995
45996
45997
95711
62590
45963
45962
45600
11929
90718
45607
11920
90715
90716
90717
11925
54820
46693
54310
54312
70122
09741
27591
54316
09742
54318
03311
03315
57908
57909
54792
57906
54798
54224
54226
54222
15802
85811
33102
76798
76795
76796
90752
24341
48700
18321
33106
90755
45977
90756
45971
66320
47878
79772
76331
76335
96704
57980
76242
76243
88505
76245
15579
96707
66210
47908
79312
91717
47900
47721
47722
79429
27051
82162
82163
51784
51786
90941
95891
57428
70050
85716
82292
88898
73495
70365
51302
70364
76800
76801
76802
16778
60210
42510
18551
73300
90785
99068
99066
88251
82580
19650
82345
82343
79881
79880
57118
21660
57112
57117
80614
90940
90943
80617
90945
80611
90947
90946
90949
90948
21997
57599
57598
57597
99065
96734
12799
57208
12792
57205
12791
57203
57202
12794
96737
47880
69102
69109
69108
21201
09402
80502
80051
36724
36727
36726
15498
60430
60431
57793
60434
60435
90893
90892
90891
90890
90897
90896
90895
90894
90899
90898
42735
54496
62341
54492
45701
54498
95700
95702
46945
95704
95705
95706
46941
99102
99103
99101
05630
90725
11910
99291
90769
42644
46897
85118
12335
12336
54810
46898
90767
90720
70430
70436
90722
18202
14780
85781
57974
57976
33771
15819
54252
18517
33777
33776
54258
15812
85804
21805
15780
15785
21801
18332
36912
45942
45941
45947
45946
57803
57802
62162
57809
57808
76308
76307
76306
76305
76304
76303
76301
76472
76479
54104
54106
54738
54102
03101
54108
14764
14762
95923
79305
79435
79433
24799
24303
24793
24792
24797
24794
79232
76272
76271
79231
76879
51372
15212
15213
15211
51378
76874
06400
27404
73372
57692
12658
76901
76900
76902
88221
88220
88223
88222
12655
36712
82338
82332
82335
51202
79892
79893
79896
16897
16899
96735
96736
21832
96730
96731
96732
96733
90952
90953
90950
90951
90956
90957
90954
90955
21051
90959
57218
82244
82241
82242
57212
57214
21236
69112
69110
67250
60151
60402
60400
57104
57106
57100
57101
57102
42722
42723
90886
90887
57109
90883
54480
57501
51250
62370
90884
46977
90885
54804
60712
54801
54802
85340
57362
57363
42652
53689
90772
09502
90771
80405
90774
05997
57503
70424
18232
33340
33342
33448
45879
57963
57960
57961
57964
57965
54242
80314
70332
09345
33765
09348
18525
80318
57319
33446
24321
48551
33444
48723
76488
57817
45958
57810
47858
76480
45955
45957
45950
45952
76487
67505
76313
67051
67050
67501
79154
76465
76462
76460
76469
15519
54114
24491
24492
03441
14776
79335
79333
79338
15998
15997
15990
54805
79440
82102
82101
82104
24789
15589
76260
79201
79200
79207
76265
67470
79209
91825
91824
91827
91820
91823
91822
95856
95857
91828
54962
88307
90842
82742
88115
39245
36835
73255
36495
73360
76910
90776
51744
54410
51212
82324
19500
21820
90969
90968
90967
90966
90965
90964
90963
90962
90961
54980
85221
88120
06250
57779
10910
79198
57466
57009
57008
80990
21228
21229
60414
60415
57480
36708
57488
36703
11731
80275
70639
70635
70637
20791
20790
46963
80995
90746
33112
09510
54874
33758
60705
60706
96711
60701
60703
90984
90986
90981
90980
90983
42888
80411
12356
42882
12355
70459
33338
70453
80895
70455
39647
39646
45818
45815
45816
45811
45810
39648
90934
33756
21420
80280
85770
85771
45720
54904
54274
53589
54270
18311
54726
54720
54051
88326
03051
54294
54292
39500
62149
54298
48756
18794
05872
18796
62382
57825
45921
45923
45922
80317
18220
54246
76451
76450
76459
85760
76101
85310
54122
54126
54124
03122
03121
15506
03124
79320
14741
14740
14746
24262
47938
15697
79450
31402
47713
03545
16597
82132
36226
57608
79218
79219
76294
79217
76367
91834
91832
91830
19440
91839
76850
88330
76859
76858
51428
54342
51426
79380
51422
24442
24441
95919
95918
95915
95914
95917
95916
95911
39251
95913
95912
73351
54344
73358
12631
57349
12636
06461
06462
88759
06466
76922
76921
76925
76924
80818
51730
51732
51734
51224
80198
90978
32400
06262
06261
60390
90970
62391
90972
10731
90974
32402
60399
60398
57764
57765
88111
12749
57762
85211
12742
82262
10920
76483
69134
69135
21785
69130
69131
57010
57011
17690
57818
17699
42701
57496
57497
57494
36247
57498
57499
57162
57164
80243
80242
85360
80246
11728
36754
70194
54462
21369
46918
21366
54862
09560
33100
54866
33107
33104
54868
90782
57386
57384
57385
57382
57383
42896
57381
09708
85719
62358
70445
57940
57941
46821
57945
45808
57947
45807
80518
45802
45803
45801
21765
57516
54268
18819
45733
45734
85785
54262
54264
54734
54732
54733
69160
03730
48749
54282
48742
48743
15750
45938
54278
27403
45931
21440
45935
30102
85749
47891
47890
03130
76440
15539
03445
47947
47948
14750
14751
79049
45991
33896
80991
06722
06720
70311
33466
47761
82129
18100
82121
82122
82123
24392
19750
91802
91801
91800
31302
91804
73501
88329
76840
19051
51342
51344
51346
95908
95909
95906
95907
95904
95905
95902
95903
95900
95901
73340
82789
73347
17614
82787
82780
17617
88749
80711
54194
82303
82304
51231
51232
51728
19451
51720
16199
60387
57711
57710
57713
57712
57715
57714
57717
57716
57719
12750
82278
10930
82272
82273
16995
16997
16990
57023
69140
57021
57027
85377
85370
80251
27775
96767
11712
96765
96764
11717
11716
96761
96760
57154
57153
96769
96768
05671
54458
24782
57442
54452
48351
21372
21373
21371
99252
20770
46904
99251
27592
54858
54854
54852
03310
10661
70509
70508
70507
70506
70505
70504
70051
42604
70501
70500
33202
18484
09710
24051
46834
99079
99072
48792
99076
45836
46838
21770
36051
85794
54920
57862
15745
54701
54705
54704
03700
45907
45906
33797
45902
33795
33794
36747
33798
05814
18240
70471
36402
57868
03412
03410
76431
15529
79204
76435
76434
24201
12995
47953
67390
47954
62051
30202
76051
79051
36208
15415
33132
15412
79279
88359
91815
91816
91817
91812
06200
51408
15251
51406
90917
85117
95931
95930
24425
51390
54166
51399
19731
19733
90911
51242
51712
51246
51718
95807
95806
95805
95804
95803
95802
95801
21804
95809
95808
19550
80521
60374
76388
60373
57702
57703
57700
12768
57706
57707
57705
57621
57708
57709
12767
17811
16299
82201
82202
82204
21484
69158
69159
21901
21900
57520
21902
69156
69157
69155
17678
17677
17672
57440
80222
96770
96771
96772
96774
96776
57140
57141
57142
57143
57144
57453
21341
57451
91857
48343
57458
53712
36198
27782
60590
79876
54844
09541
10610
57030
57031
85414
70513
80130
85412
48505
45820
45821
45823
33499
45828
36998
36996
36997
36995
18879
54444
21881
70600
99250
54442
42101
46905
54448
54718
45910
45911
45914
33786
09811
33782
09812
57858
57859
79113
57857
57855
33302
70463
03620
18904
33658
18906
18902
18725
03402
18051
30302
03390
54152
27510
67344
57436
06700
06702
06704
57438
15399
15391
15462
15397
15396
15395
79244
70503
70502
88347
88344
88345
91861
51414
51412
05499
95924
95925
95926
95927
95920
95921
95922
39200
95928
95929
88905
47744
47743
88901
06900
19729
19726
51386
32202
32200
88765
12605
51702
57128
99078
95810
95811
82476
82477
74802
73250
60361
57737
57733
06051
57731
99077
57276
45835
57272
36217
60102
60105
80230
80236
80235
79314
46749
82505
82502
54406
46740
57602
57601
57600
57607
57605
57604
57461
21355
21356
46928
46929
57468
99088
05650
57192
57191
57194
20753
20751
90789
42622
70201
90783
79800
36326
12390
90784
57517
10603
57515
57514
57513
57512
57511
57510
80695
90960
57519
54892
54890
48575
45854
54894
16865
54898
57999
46818
21599
57993
46815
57997
70381
54948
54433
54432
54436
54438
80340
80341
42401
85746
15721
48799
54702
48795
54763
54762
48791
48793
54766
57866
57863
05832
05830
48405
09801
99083
79104
99451
99452
09731
70499
70495
54384
54382
54380
76386
54164
76383
76382
18730
76380
15090
76389
54168
17810
54366
54362
09932
27560
76703
76707
76706
27432
47996
15385
15381
47998
36410
85881
06600
91878
06607
06606
88377
91873
91876
91877
91874
91875
03210
99085
96708
15075
24401
36315
27756
27755
27750
27751
99084
76751
79492
79490
79491
