73469
16830
57928
51264
51262
82198
82192
32302
60359
12705
12707
60355
57729
82222
82221
57720
57721
57722
57723
88398
17654
57291
57292
57293
57294
60130
36202
36201
80595
57614
57615
57616
57617
57610
57611
57612
57613
90825
57618
57619
80201
85320
98006
98007
98000
98003
96794
11761
96792
98009
96791
99200
57479
95799
95797
95796
95795
10707
95791
95790
90795
90790
57184
57186
21610
57182
57500
11617
57502
21292
57505
57506
57507
57508
57509
80110
85436
85435
53606
53605
54888
45847
45844
48565
54884
45848
48569
70240
53609
73499
62402
27995
54952
54950
70391
54954
21720
12235
62409
54420
85051
54424
85508
09051
15864
54770
33211
15863
48781
57871
57874
57876
57878
57879
48415
85506
95773
95779
95778
54398
57095
70488
48095
70486
54394
70483
54396
70481
76390
54172
18700
76394
76395
76396
76397
54178
54376
79397
79396
24231
54378
62243
76716
76717
62247
33895
62249
18745
18744
67101
33111
15441
90744
03512
03513
03510
33114
54962
67211
76408
76409
76050
76885
76887
76880
76882
76888
60701
03202
82051
90748
85981
90984
27763
66501
66502
90982
27432
88702
09105
06100
82456
70643
82451
57391
51272
57390
91847
91846
91844
74951
91841
91840
57392
24700
91849
24703
09851
60342
12717
12714
12715
12718
82232
88382
82235
21470
82989
19704
19707
19700
19703
21112
21110
21111
57265
54998
16711
11754
11753
11752
80210
80211
90811
90817
90816
90815
51102
82522
57409
95789
17655
95782
57405
96720
21606
85198
21603
80100
85421
80102
80103
36303
17653
85429
42334
53610
90712
57316
57310
42801
45877
45873
45872
09220
09221
17618
17750
17755
05589
45782
18842
18845
18846
90942
48315
54414
54412
70650
70345
70340
70343
70342
90946
54988
57889
57888
57884
48135
57880
48137
30402
95762
95760
54188
76365
18716
33758
76361
18713
09911
09912
80815
79385
54348
03345
03344
45895
45897
45891
45899
54746
54744
54742
33997
54740
33998
03741
03740
15451
15453
67373
24392
24391
31202
33202
06622
27774
03232
27770
54190
21374
57756
62141
57751
15050
57750
06820
57753
80317
88737
88736
90706
90975
82426
82428
24779
24778
91853
10702
80311
90976
19608
05872
57470
19601
19600
57472
12726
12725
12723
85241
91880
27390
19770
82085
21127
47844
21125
60483
21122
21121
21120
90805
90800
76773
90802
36220
16722
16721
16725
11741
11742
11748
69151
51132
82889
82881
82880
57418
57410
57416
57417
80481
03750
36310
32103
32102
60791
85457
12100
03755
45986
69195
69193
33332
69191
62400
09218
57300
62406
45860
45863
45866
09214
57097
21257
21256
21702
21700
21259
57098
57099
45792
45790
45795
54970
33051
57051
48305
09455
09106
54402
09104
09102
09101
69175
54996
15849
85703
18545
18899
15845
62590
99150
99400
57894
57892
57890
48125
95753
95752
95751
05689
95755
95758
33456
18432
33451
33458
18360
03350
54198
76379
54196
76377
54194
18762
54192
76373
76370
18766
27551
80821
54358
27555
27556
48051
57980
54350
54352
54492
76772
45887
45884
45885
45882
48564
45880
45881
76778
57983
45888
45889
33232
33234
54756
54758
54886
67301
67303
76511
67304
54882
15111
15113
17997
24381
24384
79281
95702
17999
15599
47831
47830
47832
76206
66149
90737
51452
76198
79355
31105
31106
31107
79351
79350
31102
98027
79359
79358
88724
57833
90735
51050
51051
82434
39390
24761
19616
19617
19614
19615
19610
73051
54422
57376
90730
47804
19760
73458
85503
85767
57799
60499
16731
57791
57790
21132
57792
57794
57797
57796
33796
90870
57701
42799
90760
90879
90878
54811
60250
60251
88051
06300
57641
11792
82542
85113
51122
20860
20863
33350
80495
85443
85446
90906
90902
54772
33213
57333
57330
57337
57336
57338
48205
21241
39800
39802
60474
60472
60473
80253
80380
57424
57423
57422
57420
70101
09445
57429
09441
85716
85714
09841
48445
70366
70365
48446
54214
54216
54210
18551
96701
96700
09204
54500
54502
90720
09202
69153
54508
90729
33889
76348
76343
76342
18771
18775
54328
54320
54322
54324
57934
57937
48590
57931
48596
48595
31108
48599
57939
57938
03302
18390
15859
18396
79296
79299
15100
33770
24371
15589
76233
76231
79509
76235
79504
79505
79503
54390
88338
79340
06800
90724
82399
85467
06799
85601
90958
96735
24759
74902
57916
85602
19620
88198
96779
82436
76831
76839
51356
51335
82711
51488
51331
19752
51332
16741
17619
51802
57782
57783
57780
57781
57786
17615
57784
57785
12051
80713
80717
51350
21342
82572
12690
82372
17791
57807
69135
27792
57800
27791
06200
39250
95910
70492
95912
57258
57328
45620
57320
57808
21270
91808
39810
05571
60446
46991
57432
57434
57436
57437
53777
48453
85721
48105
54208
54204
54202
70371
09871
09302
79166
95730
95733
95732
95735
54512
48215
48217
54516
90733
54514
70208
33439
90869
54842
18410
18984
18980
60599
54338
54332
54330
48588
57923
85777
76752
48587
76756
15820
15829
90888
15485
96782
80521
66307
36295
24361
33894
18746
76356
76357
76350
18742
33892
33893
47813
33898
79198
90944
76227
03240
15559
90947
62322
05899
79370
79374
06810
79379
85736
66050
66051
73100
73101
82389
80811
51222
82385
82387
15312
19101
82144
82142
82416
82141
91889
91882
51224
88184
57798
60302
27100
51499
51324
57241
51812
17604
17602
57522
16597
90979
06362
06363
06361
27217
27216
85710
06262
96705
60051
21640
96706
57139
60391
96703
96702
57135
57134
57137
57136
57131
57130
57133
57132
90971
90923
90922
90920
90927
90925
90924
57221
57223
57222
57225
80641
57227
57228
03900
57359
57358
85484
85485
85482
85480
57351
57350
57353
57352
57355
17792
90877
80992
05540
21260
70161
60458
88115
60453
42752
11930
42201
36746
54238
45766
45765
45988
45987
54232
45985
45984
45983
45980
70416
15883
53788
95720
24101
90703
36900
90701
90707
54838
90705
90704
11935
90708
33402
54833
54832
54306
70417
54304
18992
54302
18990
85261
70418
54308
05430
62218
27582
39600
39606
54788
54782
18578
54786
54784
76783
76782
76780
33228
57521
76789
54012
33785
45965
45964
45966
45961
45960
47802
47803
24352
24356
62103
18753
18757
18758
69136
47814
76270
15540
15549
90750
15496
15493
79365
79360
79361
45731
51799
51798
51796
51794
51792
82172
91898
85705
85340
82281
06995
51312
51316
60200
85449
60206
96766
42560
90840
19799
51174
82599
18723
82592
51774
19644
51772
57933
96716
96717
96714
96712
96713
18995
57129
46735
57127
57125
57122
57123
57120
57121
90934
90935
90936
90937
90931
90932
90933
90938
90939
17801
80602
96763
57232
57233
57230
57231
85251
57349
96803
57340
80198
57093
96718
60429
60428
80515
80514
80511
60420
60423
96805
36758
60426
12090
20853
42744
96719
45998
45999
80999
96809
47805
45990
45991
45992
70311
45770
45995
45996
45997
95711
95710
45963
45962
45600
11929
90718
45607
11920
90715
90716
91848
09521
11925
54820
54310
54312
70122
09741
27591
54316
70401
54318
03311
03315
45968
57908
57909
54792
57905
54798
54224
54226
54222
36626
15802
85811
33102
03712
76795
76796
76797
76790
90752
48706
48705
24341
48700
18321
33106
90755
45977
45974
45972
47874
45970
45971
66320
47878
79772
76331
80180
76335
76338
76339
96704
45750
88505
76245
15579
96707
66210
47908
47900
57982
47721
47722
51788
82162
82163
57385
79225
79224
57393
57428
70050
82292
82294
85712
88898
45740
73495
76808
15200
51302
70364
76800
76801
76802
16778
60210
85719
88251
82580
51764
82344
82345
82342
79881
79880
57118
21660
57112
57947
57117
82710
90941
90940
90943
80617
90945
80611
80612
57949
90949
90948
80619
62360
21997
57599
57598
57597
96734
12799
57758
57208
12792
57205
12791
57203
57202
12794
57752
96737
69101
69102
69109
69108
96709
21201
09402
80502
80051
36724
36726
15498
60430
90756
57793
60437
60434
15499
90893
90892
90891
90890
90897
90896
90895
90894
90899
90898
42734
90957
54496
62341
62347
45701
62349
85757
54498
95700
46944
46945
95704
95706
46941
99102
99103
99101
05630
99104
54268
11910
90769
42644
57374
85118
12335
12336
54810
90767
90766
70430
70436
90722
18202
57094
14780
90818
85781
57974
57976
15818
15819
54252
18517
33777
33776
54258
15812
15815
85803
85804
15780
15782
24332
15785
21801
18332
36912
45941
57801
45946
57802
62162
45949
45948
76493
76492
76308
76307
76306
76305
76304
76303
76301
76470
76472
76479
54104
54106
15569
54102
03101
54108
14764
14762
95923
79303
79439
79434
36747
79436
45742
24799
24303
24793
24792
33756
24797
24794
79237
79235
79232
76272
76271
79231
79239
27454
57930
76879
51372
15212
15213
17642
15211
76874
42502
42503
06400
42504
73372
57692
12658
76901
76900
76903
76902
88221
88223
88222
36712
82338
51756
82333
82332
82335
51202
79892
79893
79896
16897
16899
32202
96736
21832
96730
96731
96732
96733
90952
90953
90950
90951
90956
73200
90954
90955
21051
90959
82244
82241
82242
57212
57214
57216
21236
67250
60151
60402
60400
57104
57106
57100
57101
57102
42722
42723
90886
90887
90880
57109
90883
54480
45710
57501
62373
51250
62370
90884
46977
90885
54804
54805
60711
54801
54802
96710
90881
57362
57363
42652
53689
09502
90770
90771
90774
05997
57503
70424
14791
33340
33342
33448
45879
57963
57960
57961
57964
57965
54242
70332
09345
80312
09348
18525
80319
09222
85835
33446
24321
48551
48721
48723
76488
57817
45958
57810
47858
76480
45955
45956
45957
54738
76485
45952
76487
67505
67051
76316
76317
76466
76465
76462
76460
76469
15519
54114
24491
24492
03441
14776
79336
79335
15685
79338
15998
15997
15990
82102
82101
82104
24789
57985
76260
79201
79200
79207
76265
67470
79209
91824
91827
91823
95856
95857
91828
95853
88307
90842
88301
76866
90779
66130
57364
27782
36495
73360
42534
76910
51744
51746
54410
51212
82324
19500
21820
90969
90968
90967
90966
90965
90964
90963
90962
90961
54980
85221
88120
06250
54982
27323
57779
10910
18232
57466
57009
57008
21228
21229
69128
60418
96795
36708
57488
36703
57171
80271
70635
70637
20791
20790
46963
80995
90746
33112
54874
90741
90740
60705
60706
96711
09519
90749
60703
57126
90986
90981
90980
90983
42888
80413
36410
12356
42882
05291
12355
70453
80895
70455
39647
39646
45818
45815
45814
45816
45811
45810
39648
62499
21420
45720
54904
53589
54270
18311
54726
54720
54051
57319
88326
03051
48759
54294
88327
54292
39500
62149
54298
48756
45929
45928
62382
57825
45921
45920
45923
45922
45925
18799
18220
54246
17396
76452
76450
33765
76101
85310
54122
15508
15509
54126
54124
03122
03121
15507
03124
79320
14741
14740
14746
79327
24262
15697
47719
96793
79450
31402
47713
03545
82132
36226
57608
79218
76294
79211
91832
91839
57603
76855
76854
88330
51428
54342
51424
51426
80814
51422
24442
24441
95919
95918
95915
95914
95917
95916
95911
39251
95913
48729
73351
54344
36835
73358
12631
88750
12636
06461
06462
88759
06466
76922
76921
21356
76925
76924
65102
82480
51731
51730
51732
51736
33762
90978
32400
73226
06261
90970
62391
90972
90973
90974
32402
60399
90977
57764
57765
57766
12749
57762
85211
12742
82262
10920
99331
69134
45950
21785
69130
69131
57010
57011
17690
17691
17692
57818
17699
57493
57496
57497
36247
57498
57499
57162
11722
11723
57164
80242
80244
96802
36754
96804
36755
70194
33996
54462
21369
20783
21366
54862
90751
33100
54866
33107
33104
54868
90782
57386
57384
54748
57382
57383
42896
57381
09702
57940
57941
90785
57946
45809
57948
45807
45802
45803
45801
21765
45730
54269
45733
45734
85785
54262
54264
54732
54733
54730
03730
48749
54282
48742
48743
15750
48747
48745
45938
45939
27402
45933
45931
45936
45937
45935
90747
30102
85749
47891
47890
03130
76441
15539
03445
47944
47947
47948
14750
14751
80993
79049
09322
33896
80991
06722
06720
80990
33466
47761
18100
33897
82121
82122
82123
51336
19753
51330
19750
88324
91802
91801
91800
31302
91804
90742
73501
88329
76841
19051
51344
51346
95908
95909
95906
95907
95904
95905
95902
95903
95900
95901
73340
82789
17614
82787
82780
88747
17617
21690
82303
82304
51231
51232
82491
51728
19451
51720
51724
98031
98030
98033
98032
16199
60387
57711
57710
57713
57712
57715
57714
57717
57716
57719
12757
12750
82278
10930
82272
16995
16997
16990
57023
69140
57021
69142
90717
27775
21800
11712
96765
96764
11717
21805
96761
57718
11718
57153
57620
96769
96768
05671
54458
57440
57442
54453
54452
48351
21372
21373
21371
99252
20770
99250
99251
27592
54859
54858
54852
03310
70509
70508
70507
70506
70505
70504
70051
42604
70501
70500
09719
05499
95680
24051
45831
45830
45836
45835
21770
36051
57863
85794
54920
15744
54702
54704
03700
45907
45906
45903
45902
33795
33794
33798
05811
18240
70471
36402
57868
03412
03410
76431
15529
79204
76434
24201
12995
47953
67390
47954
14720
62051
30202
88950
76051
79051
06714
15418
36208
15415
15410
33132
15412
79271
88359
91816
91817
91810
91811
91812
85377
51408
15251
51406
51404
90917
95931
95930
51392
51396
51394
51399
51398
19731
19733
36757
18732
90911
18733
96767
51242
51712
51246
18731
51718
95807
95804
95803
95802
39120
21804
24739
96762
48792
98028
98029
98026
19550
98024
98025
98022
98023
98020
98021
60374
60373
57702
57703
57700
57154
57706
57707
57705
57621
57708
57709
16299
82201
82202
82204
21484
69158
21901
21900
57520
21902
69156
69157
69155
85743
17678
17677
17672
96770
96771
96772
96774
96776
57140
57141
57142
57143
57144
57145
57454
46932
21341
57451
91857
48343
57458
53712
36198
20763
60590
79876
54844
09541
80680
85419
57031
85414
70513
80130
85412
48505
48507
45820
45821
45823
33499
45828
36998
62448
62446
36996
36997
36995
18879
54444
54446
21881
10697
54442
42101
85102
54448
15887
48762
54718
54711
15889
45910
45911
45914
45916
45917
45919
33786
33780
33782
09812
57858
57859
57851
79113
57857
57855
33302
70463
70465
09721
03620
18904
33658
18906
18902
18725
03402
18051
30302
03390
17802
54152
14730
03710
76738
03713
06700
76246
06702
06704
57438
15399
15391
15462
15397
15394
79244
79243
79241
70503
79249
70502
09861
88347
91861
51414
18484
45753
95924
95925
95926
95927
95920
95921
95922
39200
95928
95929
88905
47744
47743
88901
85729
06905
06900
19726
73410
12600
88765
12604
12605
51702
57128
95810
95815
95816
95817
82474
98019
74802
98011
98015
73251
60362
73255
57737
57733
06051
57731
57276
21126
57274
80781
96781
21123
36217
60102
60103
17397
60105
80230
80236
79314
82505
82502
54406
46740
57602
57601
57600
57607
96780
96783
57604
57461
21355
46926
46929
57468
05650
57192
57191
57194
20753
20751
20755
90789
42622
70201
79800
90780
12390
90784
57517
57516
57515
57514
57513
57512
57511
57510
80695
90960
57519
57518
54892
54890
45854
54894
45859
16865
54898
57453
57999
21599
57993
57997
62450
70381
27051
54948
54433
54432
54436
54438
80341
42401
54769
85746
15721
48799
48795
15899
54763
54762
48791
48793
54766
57867
57866
05833
57862
48405
96760
09801
79104
99451
99452
09731
70499
70495
54384
54382
54380
54166
54164
76383
76382
76380
15090
76389
54168
17813
54366
54362
09932
03761
76708
76703
33797
76707
76706
54240
47996
15385
15381
47990
47998
57272
27751
79259
85881
76141
06600
06607
88377
91873
91877
03210
96708
76892
18798
15075
24401
36315
27756
76378
27755
79228
79492
79490
79491
