73469
98049
57928
51264
51262
82198
82192
39100
92871
32302
32300
92897
92896
92891
92890
92892
90763
60357
57729
82222
82221
57720
57721
57722
57723
88398
17654
57291
57292
57293
57294
17652
60130
36202
36201
80595
57614
57615
57616
57617
57610
57611
57612
57613
90825
57618
57619
85320
98000
24356
96794
11761
76373
98009
96791
99200
57479
95799
95797
10702
10701
57470
95791
95790
90795
90790
57184
57186
21610
57182
57500
11617
57502
21292
57505
57506
57507
57508
57509
80110
85436
45842
53606
45840
54888
45847
57982
48565
54884
76800
54886
48569
70240
53609
73499
62402
27995
54952
54950
70391
54954
21721
12235
62360
54420
85051
54424
85508
54772
15864
54770
33211
15712
15863
48781
57871
57874
57876
57878
57879
48415
85506
95773
95779
95778
54398
57095
70488
48095
70486
54392
48099
54394
70483
54396
70481
76390
54172
18700
76395
76396
54178
54376
14712
54370
79396
79398
54378
33894
62247
33896
76350
67101
90747
15441
90746
03512
03513
03510
33114
54962
67211
60705
76050
88369
76887
76880
76888
60701
03202
82051
85981
17757
90984
27763
27765
66501
66502
27432
70641
88702
09105
06100
82456
70643
57391
51274
57390
91847
91844
91843
74951
91841
91840
82181
24700
82184
91848
09851
92886
92884
92885
12716
12717
12714
12715
82232
88382
82235
82989
19704
19700
19703
21112
21110
21111
57265
54998
16711
57957
62453
11754
11753
11752
80210
90812
80212
90816
90815
51102
82522
57409
17655
95782
95783
57405
95785
17657
21606
85198
80105
80100
85421
80102
85423
36303
17653
85429
42334
53610
57316
42801
57312
45877
45876
45873
45872
48551
09221
17755
17754
05589
90706
45782
90940
14896
18842
18845
90942
48315
54414
54412
70650
70345
70340
70343
70342
15872
54988
15871
57889
57888
48135
57880
48137
57882
95766
95765
95762
95763
95760
98054
18447
88358
54188
76365
18715
85777
76360
76363
09911
09912
80815
80812
54344
54348
03345
03344
45895
76760
45899
54746
54744
54742
33997
54740
33998
03744
85749
03741
03740
15451
15453
67373
16891
76378
24391
31202
33202
06620
27774
03232
27770
54190
57754
15295
15290
15291
57756
62141
57751
15050
57750
06820
57753
80317
88737
82420
90975
24779
24778
57475
24771
80311
24776
76772
76773
80180
19601
19600
57472
12726
12725
12722
85241
27390
19770
82085
21127
45925
57274
21123
60482
60481
21120
90804
90805
90802
36220
16722
16721
16725
11741
11742
85743
11749
69151
51132
82889
33234
82881
57418
57410
57416
57417
03750
36310
32100
32103
32102
60791
12100
85291
69195
69193
33332
69191
62400
09218
57300
45860
45863
45865
45866
45867
57097
21257
21256
21702
21700
21259
57098
57099
45795
54970
33051
57051
48305
09455
09106
54402
09104
54404
09102
09101
69175
54996
15849
18545
18540
15845
14869
99405
51714
99400
57894
57895
57892
57890
48125
95753
95752
95751
05689
95755
33456
18432
33451
33458
53607
54198
76379
76377
54194
54192
53605
76370
18766
80820
54358
27555
27556
48051
54354
57980
54350
54352
54492
45886
45887
45884
45885
45882
45880
45881
76778
45845
45889
33232
54754
14741
54758
24731
15505
03755
17997
24733
67301
67303
76511
67305
67304
18360
15111
15113
90968
24384
79280
95702
17999
24262
15599
47831
47830
47832
76206
66149
95822
95708
51452
76198
31105
31106
31107
31102
79352
31108
79358
88724
57833
90735
51050
18859
82434
39390
90859
19616
19617
19614
19615
51902
19613
19610
12738
73051
54422
57376
19760
57799
60499
16731
60490
57790
21132
57792
57795
57794
57797
57796
33796
42799
90760
54811
60250
60251
88051
06300
57642
06363
82542
98056
98055
85113
98053
98052
51122
98050
21623
99230
99231
99232
99233
20863
33350
57822
80495
85443
85446
85445
90906
90902
33213
57333
57330
57337
57336
14783
57338
48205
21241
39800
39802
60471
80380
82204
57424
57423
57422
57420
70101
09445
57429
09441
48441
48115
48442
85712
70366
70365
48446
54214
54216
54210
18551
96792
96701
96700
85395
09204
54500
90720
09202
69153
54508
33889
76348
96709
18771
18776
76344
54328
54320
54322
54324
54326
57934
48591
57931
48596
48595
76748
48599
76744
57939
57938
03302
18390
15859
18396
85845
15100
79727
33770
24371
47828
47826
15589
76230
76236
79504
79505
76239
79503
54390
91839
70485
90725
70480
06800
90724
90925
82399
82396
90924
06799
24752
82407
96735
24759
74902
19628
19620
19626
19624
88198
96779
51051
15780
76831
76833
48732
51358
76838
51338
51335
51488
51331
19752
19750
16741
17619
51802
57782
57783
57780
57781
57786
17615
57784
57785
12051
90861
88061
24231
90868
57453
82572
12690
98048
82374
82372
98040
98042
98046
98047
57352
17791
57807
69135
27792
57128
27791
06200
39250
57094
90912
80623
95910
70492
57258
45948
57328
96785
57320
21270
91808
39810
05571
60445
96784
65202
57432
57434
57436
53778
53777
85723
48453
85721
48105
54208
54204
54202
70371
14842
09302
79166
79167
62330
62337
95730
95733
95732
95735
48215
48217
90733
90730
70208
18415
18413
18410
18984
18980
60599
54338
54332
54330
54336
54334
05795
57923
57920
48587
62590
15826
18340
96762
96782
96720
66307
36295
18747
33895
18745
33897
18743
18742
33892
33893
33898
18749
79198
90944
76227
03240
15559
51332
09861
06810
79379
79404
66050
66051
79409
73100
73101
82389
51222
82385
15312
19101
82144
82142
82416
82141
91889
82489
91881
91880
88184
57798
60302
96841
76827
76824
76820
27100
76828
57791
51499
19740
51324
57241
51320
51812
73320
80705
90856
90854
90853
90851
90850
90979
06362
11792
21882
06361
27217
27216
19633
73226
96705
60051
21640
96706
57139
57138
96703
96702
57135
57134
57137
57136
57131
57130
57133
57132
90972
90923
90920
90927
80630
80642
57221
57223
57222
57225
90976
57227
57228
90977
03900
57359
57358
85484
85482
85480
57351
57350
57353
42101
57355
17792
80992
05540
21260
60458
60459
60453
42752
54520
42201
62325
54238
45766
45765
45988
05899
54232
85736
45980
70416
15883
53788
95722
95720
24101
21465
90703
36900
90701
54838
90705
90704
11935
33402
54833
54832
54306
70417
54304
18992
54302
18990
85261
98058
70418
54308
98057
05430
62218
39600
39606
54788
98051
18578
54786
54784
76783
76782
76780
76786
33228
57521
76789
54012
48710
47804
45964
45966
45960
47802
47803
24352
47809
24355
62103
18752
18757
18759
69136
76270
15540
57011
15549
90958
90750
17898
15493
79364
79365
79360
45731
51799
51798
51796
06771
82172
91898
82281
51318
06995
51312
36712
51314
60200
85449
60206
16765
03402
90849
96766
42560
90840
90841
19799
90843
90844
90846
51174
82599
82592
51774
10810
19644
57933
96716
96717
96714
96712
96713
18995
57129
46735
57127
57125
57122
57123
57120
57121
90934
90935
90936
90937
90931
90932
90933
90938
90939
51374
80602
51376
96763
57232
57233
57230
57231
57349
96803
57340
80198
96718
96807
60429
60428
80512
80511
96805
36758
60426
12090
42744
96719
45998
45999
80999
96809
47805
45990
09322
45992
70311
45770
45995
80995
45997
95717
95711
95710
96845
96842
96843
42988
95718
45962
45600
11929
90718
91849
11920
90715
90716
90717
11925
54820
90713
54310
54312
70122
09741
27591
54316
70401
03310
03311
03315
45968
54790
57909
54792
57905
54798
76323
54224
54226
54222
36626
15802
85811
33102
76795
76796
33100
48706
48703
48700
18321
33106
90755
45976
45974
45975
45972
47874
45970
45971
66320
45753
45979
76334
76339
92883
96704
92880
92881
45750
76247
15579
96707
66210
39447
47909
47908
47900
47721
47722
79429
51788
76299
82162
82163
51783
51785
90941
57983
79225
79220
70050
85716
85714
57392
88898
45740
73495
15200
51302
70364
51308
76801
76802
16778
60210
42510
54212
88251
82580
51764
51762
82345
82342
82343
79881
79880
57118
21660
57112
57947
57117
80614
57948
90943
80617
90945
80611
90947
90946
90949
90948
80618
80619
21997
57599
57598
57597
96734
12799
57758
57208
12792
12793
57205
12791
57203
57202
12794
57752
69101
69102
69109
69108
21201
57522
09402
80502
80051
36724
36726
15498
60430
90756
57793
60434
09214
42734
90957
62342
54496
85758
62347
62348
54498
95700
46944
46945
95704
95705
95706
46941
99102
99101
05630
45730
90959
11910
90769
42644
57374
12335
12336
54810
90767
90766
70430
70436
14787
14785
90722
18202
14781
14780
85781
57974
57976
15818
15819
54252
18517
33777
33776
54258
15812
90811
15817
85804
48733
15781
24333
48736
21801
18332
57804
45941
57801
57800
57803
57802
45949
62161
57808
76307
76306
76305
76304
76303
76302
76301
76470
76472
76347
76479
54104
54106
15569
54102
03101
54108
14765
14764
38101
14762
95923
79309
79302
36747
82110
45742
24799
24303
24793
24792
24797
24794
79236
79237
79232
79233
76271
79231
79239
27454
88317
57930
76879
15212
15213
15211
76874
73150
42502
42503
06400
73372
57692
76901
76900
76902
88221
88223
88222
12657
82332
82335
51202
79892
79893
79896
16897
16899
32202
96736
96737
96730
96731
96732
96733
90952
90953
90950
90951
90956
73200
90954
90955
21051
32201
54406
57218
82244
82241
82242
57212
57214
57216
21236
69112
60151
60402
60400
57104
57106
57100
57101
57102
57109
54480
45710
57501
21301
46977
76442
54804
54805
60711
54801
54802
96710
85340
57362
57363
42652
53689
90772
09502
90770
90771
80405
90774
05997
57503
70424
14791
33340
14796
33448
45879
57962
57963
57960
57961
57965
54242
80314
70332
09345
09612
33765
09348
18525
80319
80318
18303
09222
15175
33446
24321
48728
85602
17939
33444
48721
48723
76488
57817
45958
62390
57810
76480
45955
45956
45957
54738
45951
45952
76487
67505
67051
76465
76462
76463
76460
76469
15519
54114
03445
24492
03441
14776
79336
79333
15685
15998
15997
15990
82102
82103
82101
76276
82104
24789
76260
79201
79200
79207
76265
76266
79204
76269
79209
91600
91825
91824
91827
91821
91823
95856
95857
95853
88307
90842
79509
24734
60362
76865
90779
39245
57364
36495
57997
19211
90773
42534
73365
76910
80993
51744
54410
51212
82324
19500
21820
17200
90969
80675
90967
90966
90965
90964
90963
90962
90961
54980
85221
88120
06250
15879
27323
57779
10910
18232
57466
57009
57008
05509
21228
21229
69129
60414
33342
60418
96795
57480
36708
57488
36703
57171
11731
85358
11732
80275
96811
96810
96813
70639
96814
70635
70637
20790
46963
33111
54870
33112
09510
54874
90740
54878
60706
96711
09519
90749
60703
57126
90986
90980
90983
42888
36835
36410
12356
42882
57393
12355
33339
30402
70453
80895
70455
39647
39646
45818
45815
45814
45816
45811
45810
45813
39648
33756
21420
09604
45720
54904
53589
54270
18310
54726
54720
54051
57319
03051
48759
54294
88327
54292
39500
54298
45929
45928
18796
57825
45921
45922
47844
18799
18220
54246
90752
76450
76101
76100
54122
54126
54124
03122
03121
54128
15507
03124
79320
79321
47936
14740
14746
79329
80235
15697
17850
96793
79450
31402
47713
03545
16597
90832
82132
36226
57608
79218
79219
79214
76294
79211
91832
95821
95823
19440
95825
95824
95827
95826
57603
76854
76850
88330
06640
54342
51424
51426
51422
24442
24441
95919
95918
95915
95914
95917
95916
95911
39251
95913
95912
73425
57463
73420
73351
80811
73428
73358
12631
12636
06461
06462
88759
06466
76922
76921
21356
76925
76924
17621
51739
82485
65102
80818
51731
51730
51221
51732
51225
33762
90978
32400
06262
06261
90970
90971
80645
90973
90974
32402
60399
60398
57764
57765
57762
85211
12742
82262
10920
69134
45950
21785
69130
57010
47852
17690
17691
17692
57818
17699
57493
57491
57496
57497
36247
57498
57499
57162
90839
57164
80242
80246
80245
96802
36754
16100
96806
05601
96804
36755
70194
33996
54462
21369
20783
21365
54862
90751
54860
54866
33107
33104
54868
90782
57386
57384
57385
57382
57383
42896
57381
18496
85719
57940
57942
57945
57946
45809
45806
57949
80518
45802
45803
21765
54268
54269
18819
80330
45734
54262
54264
54732
54733
54730
03730
48749
54282
48742
15750
48747
48745
45939
27402
45933
45931
45936
45937
45935
30102
47892
67250
03130
15539
24491
48575
47941
47942
14758
47944
17863
14750
14751
48579
62358
80991
06720
80990
33466
47761
47763
47764
18100
82121
82122
82123
24392
19753
67495
79262
79264
88324
91801
91800
31302
91804
73501
88329
76842
19051
51342
51344
51346
51347
17610
95908
95909
95906
95907
95904
95905
95902
95903
95900
95901
82789
17614
82780
88747
17617
82303
82304
51231
51232
19451
51720
98038
38709
98037
98032
16199
80653
80654
57711
57710
57713
57712
57715
57714
57717
57716
57719
57718
12752
12750
82278
10930
82272
82273
16995
16997
16990
57023
69140
57021
69142
57027
90714
90699
80254
80257
80252
27775
21800
11712
96765
96764
11717
90712
96761
96760
57156
57153
57620
96769
96768
05671
54458
57440
15891
54452
96835
96834
48351
54456
21373
99252
20770
99250
99251
27592
54858
54852
70509
70508
70507
70506
70505
70504
70051
42604
70501
70500
09719
05499
09710
09714
54764
24051
45839
45833
45831
48510
45836
21770
36051
85794
54920
80323
15745
54701
48773
54704
03700
45907
45906
45903
45902
33795
33794
33798
57844
18240
70474
36402
76438
03412
03410
76431
15529
24201
12995
57908
47953
67390
47954
14720
62051
30202
33499
88950
76051
79051
57901
36208
15415
15410
33132
15412
88359
91815
91816
91817
91810
91812
85377
51408
15251
51406
51404
95931
95930
24425
90915
51396
54166
51399
51398
90910
18732
18733
96767
51242
51712
51246
18731
51718
95807
95806
95804
95803
95802
39120
24732
21804
24739
95808
48792
19550
60376
60373
57702
57703
57700
57701
57706
57707
57705
57621
57708
57709
16299
82201
82202
70502
24341
21484
69158
69159
21901
21900
57520
21902
69156
69155
17678
17677
17672
57442
96770
96771
96772
96773
96774
96776
96836
57140
57141
57142
57143
57144
57145
57454
57455
57452
46932
21341
91857
48343
57458
53712
36198
60590
54842
54844
80680
85419
57031
85414
70513
80130
85412
48505
45820
45821
45823
18474
45828
36998
62446
36996
36997
36995
18879
20771
54444
21881
10697
54442
05395
85102
54448
54718
48766
48769
54710
54711
45910
45911
82391
45914
45916
33785
33786
33780
57858
57859
79864
57857
57855
33652
33302
70463
70465
09720
03620
18904
18906
18902
18725
76428
18721
18051
18722
76420
30302
03390
17802
17804
54152
14732
14733
14730
14731
27510
14734
03715
03710
03712
03713
76734
67344
47980
06700
06702
57437
06704
88505
57438
15399
15392
15391
15462
15397
15394
79244
79242
70503
24500
79248
88346
88347
51414
18484
14849
95924
95925
95926
95927
95920
95921
95922
39200
95928
95929
88905
47744
88901
85729
06900
19726
51385
73410
32200
51383
09871
88765
12604
12605
51702
51708
95810
95816
95819
82474
74802
98012
98011
12770
73251
12778
73255
45830
57737
57733
06051
57731
57276
21126
96781
57272
21122
51876
21121
36217
60102
60103
60105
85310
80236
90838
47840
79314
82505
82502
18794
46740
57602
57601
57600
57607
96780
96783
57604
21350
21355
46926
46929
57468
05650
57192
57191
05872
57194
20753
20751
20755
90789
90788
70201
79800
90780
90785
90784
57517
57516
57515
57514
57513
57512
57511
57510
80695
90960
57519
57518
54892
54890
45855
45854
54894
45859
16865
80253
54898
91877
57999
21599
57993
57991
62455
62452
54518
62450
62451
70381
27051
85795
54948
54433
54432
54436
80342
54438
42401
54769
54768
85746
15721
48799
54702
48795
54760
54763
54762
48791
48775
48793
54766
57866
57864
57863
57862
48405
57868
79104
99451
99452
09731
70499
70498
70495
54382
54380
76386
54164
76383
76382
76381
76380
15090
76389
17813
54366
54362
54368
09932
03761
76708
33797
76707
76706
76705
54240
47996
15385
15381
47990
47998
79254
85881
76143
06600
06607
06606
88377
91873
11930
57925
03210
96708
15075
24401
36315
27756
27755
27750
79492
79493
79490
79491
