73390
57928
51264
51262
82198
92878
82441
82192
32300
92895
92894
60359
92896
12705
92893
92892
90763
92899
92898
60355
57729
82222
82221
57720
57721
57722
57723
88399
88398
21101
57291
57292
57293
57294
17651
17652
60130
36202
36201
80595
09050
57614
57615
57616
57617
57610
57611
57612
57613
57618
57619
85320
98004
98000
24356
96794
11761
96792
98009
96790
96791
99200
10709
57479
95799
95797
10702
10701
57470
95791
95790
90795
90790
57184
57186
21610
57182
57500
11617
57502
21292
57505
57506
57507
57508
57509
80110
85436
45842
53606
45840
57987
48566
45844
45845
54884
54886
48569
53609
73499
62402
27995
46860
46862
46864
54952
54950
70391
54954
21721
70398
12235
62360
85051
54424
85508
15869
54772
48787
54770
33211
54776
48781
57871
57874
57876
57878
57879
48415
95773
95778
54398
57095
48095
54390
54392
70485
54394
70483
54396
76390
54172
18700
76395
76396
54178
21700
54376
79393
79396
79398
54378
62241
62247
62245
18745
33897
76350
67101
90747
15441
90744
03512
03513
03510
33114
54962
90740
76400
76723
67211
60705
76050
76880
76882
76883
60701
51470
03202
82051
85981
90984
27763
66501
66502
90982
73474
70641
88702
09105
06100
82456
70643
82450
57391
51274
57390
91847
92869
74951
91840
57392
24700
91849
91848
32310
09851
32312
60348
92884
12716
12717
12714
12715
82232
88382
82235
82989
19704
19700
19703
21112
17620
21110
21111
57265
54998
16711
57957
11754
11753
80210
90811
90816
90815
98071
98070
98072
51102
82522
57409
57408
17655
95782
57405
95785
17657
21606
21602
80106
80100
85421
80102
57986
36303
17653
85429
57959
96789
42334
57958
53610
90712
57316
42801
57312
45877
45875
45873
45872
48551
09221
95757
17755
17754
05589
95756
90940
18842
18845
90942
85514
54416
54414
54412
54410
70345
70340
70343
70342
54988
15871
57889
57888
57884
48135
57880
48137
30402
95765
95763
95760
18447
76365
54278
54181
76360
09911
09912
54340
54344
54348
03345
03344
45895
76760
45899
45898
54746
54744
54742
33997
54740
33998
03744
03741
54748
76508
67373
85748
16891
76378
24391
24390
02900
33339
31202
76214
33202
57208
76373
27774
03232
27770
54190
21374
15295
15290
15291
57756
62141
15050
96793
06820
57753
80317
88737
48751
76832
82427
24779
24778
57475
24771
80311
76772
05872
80180
19601
19600
51912
57472
12728
12727
12726
12724
12721
85241
76774
27390
19770
82085
73440
21127
47844
57274
17639
21123
21122
21121
21120
90804
76773
90802
36220
16722
16721
16725
11741
11742
85743
69151
51132
82889
98061
98066
98067
98064
98065
82881
82880
57418
99226
57410
57416
57417
03750
36310
32100
32103
32102
60791
21630
12100
69195
69193
33332
69191
45869
57304
09218
57300
45860
45863
45866
45867
57097
21257
21256
21703
60660
21259
57098
57099
57501
54970
33051
54408
57051
82163
48305
09455
09106
54402
09104
54404
09102
09101
69175
54996
15849
18549
70350
18540
15845
99405
99151
99400
57894
57895
57892
57890
48125
95753
95752
95750
05688
05689
33456
18432
33451
98068
33458
53607
54198
76379
96819
76377
76374
54192
53605
76370
18766
27551
80820
54358
27555
27556
48051
54888
54356
54350
54352
54492
45886
45887
45884
45885
45882
48564
45880
45881
76778
57983
45889
33232
33234
54758
24731
03755
24733
67301
76511
67305
67304
15111
15113
85852
17997
24381
24384
79282
79281
95702
17999
15599
47831
47830
99102
51452
31105
31106
31107
79351
79350
31102
79352
31108
79358
90735
51050
18859
82434
39390
24765
90859
19616
19617
19614
19615
19610
73051
54422
85506
19760
90851
73458
57799
60499
45871
16731
57791
57790
21132
57792
57795
57794
57797
57796
33796
90870
42799
90760
16221
54811
60250
60251
90961
88051
06300
57642
33795
98059
11792
82542
85113
51122
99230
99234
99235
33350
80495
85443
85446
90906
90902
15864
42311
57333
57330
57337
57336
57338
48205
21241
93808
39802
60475
60471
57424
57423
57422
03815
57420
70101
09445
57429
09441
85716
48440
48115
85715
85712
70366
70365
70364
48448
54216
54210
54212
99410
96701
96700
85395
09204
54500
80822
90720
09202
69153
54508
15610
57521
96709
18771
76347
96708
54328
05417
54320
54322
54324
48593
57934
57937
57931
48596
48595
48599
57939
57938
03302
18390
15859
18396
79294
15105
15100
24371
47828
47826
47827
15589
76236
79504
79505
79507
79503
27715
90725
88338
70480
79340
06800
90724
82399
06799
90958
24759
82400
74902
19628
85602
19620
88198
96779
82436
51051
76831
76833
48732
76838
51338
51335
51334
51488
51331
19752
51332
16741
17619
51802
57782
57783
57780
57781
57786
17615
57784
57785
12051
90863
80713
88061
24231
90868
51350
57453
82572
12690
82377
82373
82372
98042
57352
17500
17791
53887
53888
48341
42300
06200
90916
39250
57802
80621
95910
70492
57258
57328
96785
57320
21270
93813
91808
39810
05571
60446
65202
57432
57434
57436
53778
53777
51904
85723
48453
85721
45752
14849
54208
54204
79169
54202
70371
14842
09302
79166
62330
95730
95733
95735
48215
90734
48217
90733
90730
70208
18415
90869
18410
18984
18980
60599
54338
54332
54330
54336
54334
57927
05795
57923
85777
76750
48587
76756
76757
15826
80814
15485
18341
18340
96762
96782
80815
66301
96720
66307
36295
36746
33894
33895
76356
76357
18743
18742
33892
33893
33898
18749
79198
57803
48736
03240
15559
90947
05897
05899
09861
06810
14765
66050
66051
79409
73100
73101
82389
51222
82385
15312
19101
15317
82144
82142
82416
82141
91889
88184
57798
60302
96841
82705
76820
27100
51499
51324
51322
57241
51812
57522
80705
90856
90853
73328
90979
06362
06363
06361
27217
27216
19633
85710
73226
96705
60051
21640
96706
57139
57138
96703
96702
57135
57134
57137
57136
57131
57130
57133
57132
90922
90920
90927
90925
90975
57221
57223
57222
57225
90976
57227
57228
03900
57359
57358
85484
85485
85482
80819
57351
57350
57353
42101
57355
80992
32200
05540
21260
11935
60458
60450
60453
42752
80522
42759
54520
42201
42200
42202
54238
45765
45988
14831
54232
85736
45984
45982
45980
70416
85211
53788
95722
95720
24101
21465
90703
36900
90701
54838
18402
54522
54833
54832
54306
70417
54304
18992
54302
18990
85261
70418
54308
98057
05430
38709
27582
15637
39600
39606
54788
54781
18578
54786
54784
76783
76782
76786
76785
76784
17654
54012
47804
47805
45966
45960
47802
47803
24352
45968
62103
18753
76327
18757
69136
76250
76270
15540
15549
17691
15494
17898
79368
79365
79360
79363
79418
79419
51799
06771
82172
91898
85705
82281
82289
76819
06995
51312
51316
60200
60202
33889
60206
16761
90849
96766
11782
90840
90841
19799
90844
51174
82599
82592
51774
10810
19644
27205
57933
96716
76879
96714
96712
96713
18995
57129
46735
57127
57125
57122
57123
57120
57121
90934
90935
90936
90937
90931
90932
90933
90938
90939
80602
96763
57232
57233
57230
57231
57236
17777
57349
96803
57340
80198
17773
93836
96718
60429
36755
80515
80514
80511
60423
36758
80519
12090
80280
42744
45998
45999
80999
96809
27454
80993
09322
45992
70311
45770
45995
80995
45997
95717
46954
95715
62590
96845
96842
96843
95718
45962
11929
90718
11920
90715
90716
90717
11925
54820
90713
54310
54312
70122
54316
09742
03310
03311
03315
47809
38710
54790
57909
54792
21365
54798
57901
39800
54224
54226
54222
36626
85811
90750
85814
76795
76796
76790
69161
48706
48703
48700
18321
33106
16850
45976
47870
45974
45975
45972
36402
45970
45971
66320
48498
45979
76331
92882
96704
57980
76241
76247
76244
76245
80181
15579
85480
96707
66210
39447
79318
91718
96768
91717
47900
57982
47721
47722
51788
82162
93716
51783
51785
57385
79226
79228
85714
82292
06500
82299
88898
45740
73495
15200
51302
15397
45742
76800
76801
76802
54214
16778
16779
60210
54106
85719
82582
88251
82580
51764
82344
82345
82343
79881
79880
57118
21660
57112
57110
57117
17550
90941
57948
90943
80617
90945
80611
80612
90946
90949
90948
16311
80619
21997
57599
57598
57597
42424
12799
57758
57209
27302
12792
12793
57205
12791
57751
57750
12794
57752
69105
69104
69107
96737
69101
69102
69109
69108
96731
93849
93841
21201
93845
93847
09402
80502
80051
36724
36726
15498
57793
60437
60435
09214
42735
42734
90957
54496
85758
62347
62348
54498
95700
46944
46945
95704
95706
46941
95708
99101
05630
45730
90959
03122
11910
88901
90769
57376
57374
12335
12336
54810
90765
90767
90766
70430
14788
14786
90722
18202
57094
14780
18817
57974
57976
33771
15819
54252
18517
33777
33776
15810
54258
15812
85804
76349
15780
15781
48731
15785
21801
18332
45943
57804
57807
57801
57800
45945
45944
62163
45949
45948
57808
62164
76308
76307
76306
76305
76304
76303
76302
76301
76470
76472
27311
76479
54104
03450
15569
54102
03101
54108
66261
14764
14761
38101
14762
95923
79303
36747
82110
24799
24793
24792
24797
24794
79236
79234
76274
79233
76271
79231
79239
95841
95840
88316
57930
51371
15212
15213
15211
76874
73150
39278
39279
88104
42502
06400
42506
42507
73372
57692
12658
76901
76900
76902
88221
85198
88223
88222
36712
82338
51204
82332
82335
51202
79892
79893
79896
16897
96734
96735
96736
21832
96730
90944
96732
96733
90952
90953
90950
90951
90956
73200
90954
90955
21051
32201
42341
42434
85423
57218
82241
82242
57212
57214
57216
21236
69112
60151
60402
60400
57104
57106
57100
57101
57102
85340
54480
21301
46977
54804
60711
54802
96710
57361
57362
57363
57364
53689
90771
80405
90774
05997
70428
57503
18232
33340
33342
33448
36495
57962
57963
57960
57961
57965
54242
70332
09345
09612
80312
18527
09348
18525
80319
09222
33446
24321
09220
17939
48721
48723
57817
62390
57810
76480
45955
45956
76483
54738
47852
45952
47850
67505
67051
76465
76462
76460
76469
15519
54114
03445
24492
03441
14776
14777
79335
17848
15685
15998
15997
15990
82102
82103
82101
82104
93732
93731
15195
57985
76260
79201
79200
76265
79204
76269
79209
91600
91827
91820
95856
95857
91828
95853
66490
88307
90842
79509
76868
42444
90823
90779
39245
36835
27782
36708
57997
19211
42534
73365
76910
90776
51744
70650
51212
82324
19500
21820
90969
90968
90967
90966
90965
90964
90963
90962
57994
54980
85221
88120
42403
06250
42400
27323
57779
10910
57775
57466
57009
57008
21228
21229
69129
60414
96795
57480
42710
57488
36703
57171
11734
11731
85358
11732
85352
80271
96811
96810
96813
96814
96717
70635
96818
70637
46963
33111
90746
33112
09510
54874
33758
54878
60706
96711
09519
60703
57126
90986
90980
90983
42888
80413
36410
12356
42882
57393
12355
70459
70453
80895
33228
39647
39646
45818
45815
45814
96719
45811
45810
45813
39648
33756
21420
85392
09604
45720
54904
53589
54270
18310
54724
54726
54720
54051
57319
91801
03051
48759
54294
91800
54292
39500
54298
45929
45928
57825
18793
45921
45925
18799
18220
54246
17644
76451
76450
33765
76101
76100
88329
54122
15509
54126
54124
15503
03121
15507
03124
14741
14740
14746
79327
24262
15697
17850
90754
47718
47719
79450
31402
03545
16597
93721
82132
36226
79218
79219
76294
79211
95822
95825
95824
91839
57603
76854
76851
96784
88332
96787
96786
51428
54342
51424
51426
79380
51422
24442
24441
79381
95919
95918
95915
95914
95917
95916
95911
39251
95913
95912
73425
73420
73351
80811
73428
73358
12631
12636
06461
06462
88759
06466
76922
76921
21356
76925
76924
17621
65102
82480
51731
51730
51732
51224
33762
90978
32400
06262
06261
90970
90971
90972
90973
90974
32402
60399
90977
57764
57765
57766
57760
88116
57762
12745
12743
12742
82262
10920
69134
69135
21785
69130
57010
57011
17690
33402
57818
17699
57493
57491
57496
57497
36247
57498
57499
57162
90839
11722
57164
33766
80244
96802
36754
16100
96806
96807
96804
96805
70194
54464
33996
54462
21369
99241
21366
54862
90751
33100
54866
33107
33104
90758
54868
90782
57386
57384
03740
57382
57383
42896
57381
18496
18491
15451
09702
57940
57942
48299
57947
45806
57949
45802
45803
21765
21761
54268
45731
18819
85785
54262
54264
69162
54732
54733
03730
62400
48749
54282
24302
15750
48747
45939
27402
45931
45936
45937
57833
03601
30102
47893
80994
67250
03130
47894
47898
76441
15539
54890
24491
54894
14750
14751
24333
48579
62358
33896
80991
19451
06720
80990
33466
47761
88437
18100
82121
82122
82123
24392
46955
27051
95716
19753
33213
67495
19750
79264
88324
95838
95839
31302
91804
73501
95837
76841
57991
19051
51342
51344
51346
62453
17610
92980
95908
95909
95906
95907
95904
95905
95902
95903
95900
95901
73435
73432
82789
82780
88747
88212
82303
82304
51231
51232
90860
51728
92821
82499
51720
98038
98037
98032
60382
16199
57711
57710
57713
57712
57715
57714
57717
57716
57719
57718
12750
10930
82272
16995
16997
16990
57023
69140
57021
57020
57027
69144
90714
17668
17660
85377
80252
27775
96767
11712
96765
11717
21805
96761
96760
57156
57153
57620
57623
57622
05671
54458
57440
54452
96835
96834
48351
54456
21372
21373
99250
99251
79862
54858
54856
70401
54852
24789
15359
70509
70508
70507
70506
70505
70504
70051
70050
70501
70500
09719
18487
09710
09714
24051
45839
45833
45831
48792
45837
21770
36051
85794
54920
85792
80321
15744
15745
48775
48770
03700
45907
45905
45904
33797
27432
45901
33794
33798
32311
57844
05817
18240
70471
57868
79206
76438
69142
03412
03410
76431
15529
76432
76434
24201
12995
57908
47953
67390
47954
14720
62051
30202
57905
33499
88950
76051
79051
06714
36208
15415
15410
33132
48797
79272
79277
79274
88359
91816
91810
91812
15251
51406
51404
79471
90917
95931
95930
51394
16506
51399
32212
54164
18733
51242
51712
51246
88326
51718
95807
95804
95803
95802
39120
21804
24739
95808
88499
19550
57702
57703
57700
57701
57706
57707
57705
57621
57708
57709
12767
96769
16299
82201
82202
82204
24341
21484
69159
21901
21900
57520
21902
69156
69157
69154
69155
17678
17677
17672
96770
96771
96772
96773
96774
96775
96776
96777
57140
57141
57142
57143
57144
57145
57454
46932
21341
48497
96821
91857
48343
57458
53712
91858
60750
36198
60590
54840
54842
54844
54846
85419
57031
85414
70513
80130
85412
48505
45820
45821
45823
18474
45828
36998
17700
62446
36996
36997
36995
18879
54444
21881
54440
10697
54442
05395
85102
54448
54718
48766
48769
54710
54711
45911
45912
45918
33785
33786
33780
57858
57859
96836
79113
57857
57855
33302
70465
03620
18904
33658
18906
18902
18725
03402
18721
18051
18722
76420
30302
03390
17802
54152
62260
14733
14730
14731
03715
03710
03712
03713
47980
06700
06702
57437
06704
88505
57438
15392
15391
15462
15465
15394
79244
70503
24500
70502
88346
88347
91863
51414
51412
85781
48105
95924
95925
95926
95927
95920
95921
95922
39200
95928
95929
88905
47744
47742
85729
06900
19726
51385
51382
51383
09871
88765
12604
12605
51702
57128
95810
15879
95816
82474
74802
98012
98011
73251
73255
27367
45830
57737
57733
06051
57731
57276
21126
96781
57272
99305
51872
36217
60102
60105
85310
80236
90838
17749
57608
82502
96788
54406
46740
57602
57601
57600
57607
96780
96783
57604
57463
57460
21355
46926
57464
46929
57468
05650
57192
57191
57190
57194
90789
90788
70201
79800
90785
90784
57517
57516
57515
57514
57513
57512
57511
57510
80695
90960
57519
57518
54892
45853
45852
45855
45854
45856
45859
16865
54898
91877
57999
21599
57993
62454
62455
62452
54518
62450
62451
70381
54940
85795
54948
54433
54432
54436
54438
80341
42401
54768
85746
15893
54702
48795
54763
54762
54764
48793
54766
57866
57864
57863
57862
57861
48405
09801
98063
54704
79104
99452
09731
70499
54386
70497
36149
54382
54380
76386
76385
76384
76383
76382
18731
15090
76389
54366
54362
54368
98069
09932
03761
76708
76707
76706
76705
54240
47996
15385
15381
47998
54166
79251
79258
85881
76143
76145
76419
06600
06607
88377
91873
11930
57925
03210
18798
15075
24401
36315
27756
27755
27752
27750
27751
79492
79493
79490
79491
