19712
16830
57928
54162
51266
51264
51262
82198
82441
82192
19402
32300
92894
92897
92896
92890
92893
60351
92899
57729
82222
82221
57720
57721
57722
76485
88399
88398
57290
57291
57292
57293
57294
17652
60130
36202
36201
80595
57614
57171
57616
57617
57610
57611
57612
57613
90825
57618
57619
85320
82532
98000
96794
11761
76373
96793
96790
96791
99200
57479
95799
95797
95796
95795
10707
95791
95790
90795
90790
90792
57184
57186
21610
57182
64450
57501
57502
21292
57505
57506
57507
57508
57509
80110
85436
45842
53606
53605
57987
54888
45844
45845
54884
54886
48569
57989
53609
53608
62402
27995
46860
46862
46864
46866
54952
54950
70391
54954
21721
70398
12235
62360
85051
54424
85508
48789
54772
48787
54770
33211
48781
57871
57874
57876
57878
57879
48415
95774
95771
57094
54398
57095
70488
48095
70486
54392
70485
54394
70483
54396
54170
76391
54172
18700
54176
76397
54178
54376
14711
79393
14713
14714
79396
79398
54378
62241
62247
62245
76718
33897
67101
33111
57475
33892
15441
33893
33112
03512
03513
03510
33114
33898
90740
76401
67211
60705
76050
76885
76887
76888
03204
03202
03203
51474
82051
85981
90984
27763
27762
27765
66501
66502
90982
73476
73474
70641
88702
09105
06100
82456
70643
82450
57391
51274
57390
92868
82189
74951
57392
24700
91849
91848
32310
09851
32312
60347
92884
12716
12717
12714
12715
92888
82232
82235
82989
19704
19706
19700
21112
17620
21110
21111
57265
54998
16711
64590
90819
11754
11753
11752
80210
80211
90811
90817
90815
98072
51102
98077
98079
82522
57408
17655
95782
95785
17657
21606
85198
80100
85421
80102
85423
36303
80108
85429
57959
42334
57958
57316
57310
42801
53617
53618
53619
45875
09222
45872
48551
09221
95757
17755
17754
05589
05689
79271
80615
18842
54962
54414
54412
54410
70345
70340
70343
70342
90946
70348
15871
57889
57888
57884
48135
57880
48137
57882
30402
95765
95760
95769
18447
57615
76365
76366
76360
76363
09911
09912
54340
80813
54345
54344
54348
03345
03344
45895
76760
45897
76766
45899
02701
54746
54744
54742
33997
54740
33998
03744
03741
03740
15451
15453
67373
85748
16891
54198
24391
24390
02900
33339
31202
76214
80315
06620
27774
03232
54190
57754
21374
15295
15290
57756
62141
96792
15050
57750
06820
57753
88950
88737
82426
24779
24778
10702
91858
91859
80311
10701
76772
90976
05872
57470
19601
19600
51912
57472
12727
12726
12725
57473
85241
90977
95930
62381
27390
19770
69153
73440
21127
21126
57274
21123
21122
64100
21120
90804
76773
36220
16722
16721
16725
11741
11742
11748
51132
82888
98066
16506
82881
57418
57410
57416
57417
03750
36310
32100
32103
32102
60791
17290
12100
69195
69193
33332
69191
62400
09218
57300
45860
45862
45866
09214
57097
21257
21256
21703
21700
16850
21259
57098
57099
57500
54970
33051
96737
57051
36795
82163
48305
09455
09106
54402
09104
09102
09101
69175
54996
15849
18549
69176
70350
48433
18540
15845
99405
99151
99400
57895
57892
57890
48125
95753
95750
05688
95756
33456
18432
33451
33458
53607
76378
57985
54196
18762
54192
45840
76370
18766
54358
27555
27556
48051
54354
57980
54356
54350
54352
54492
45886
45887
45884
45885
45882
48564
76774
45881
76778
53600
45889
33232
33234
54758
03755
67309
03534
24381
67301
76511
15111
85852
17997
95700
24382
79281
79286
17999
46945
15599
47837
47831
47830
51452
31105
31106
31107
79351
31102
31108
88724
90735
15337
51050
18859
82434
39390
27402
24761
80180
65202
19617
19614
19615
19610
76382
90856
73051
54422
85506
19760
57799
60499
17602
57791
57790
21132
57792
57795
57700
57797
57796
42799
90760
90879
16221
90763
60250
60251
90762
88051
06300
57642
33795
11792
82542
51122
21624
21623
57723
99231
99232
99235
33350
90858
80495
85443
85446
90906
90902
09050
42311
57333
57330
57337
99521
62415
57338
73499
48205
93804
21241
93809
39800
39803
39802
60470
80253
57424
57423
57422
03815
57420
70101
09445
57429
57428
85716
48440
48115
85712
70366
48447
70364
54214
54216
54210
54212
99410
96701
96700
85395
09204
54500
90720
09202
57523
69150
15610
21902
96709
76341
18777
76344
54328
05417
05411
54320
54322
54324
57937
57931
48596
48595
48599
57939
57938
76741
18390
15858
15859
18396
79294
79295
90957
79291
79293
15105
79298
15100
33771
24371
15589
95822
33777
79504
79503
54390
27711
85723
90725
79340
66220
06800
76390
90724
88282
82399
82396
06799
15322
90958
24759
82400
74902
19620
19626
96720
88198
96779
51051
76833
48732
85746
51335
51334
85261
51331
19752
19750
16741
17619
51802
57782
57783
57780
57781
57786
17615
57784
57785
12051
96789
80715
88061
24231
90868
21342
82572
12690
95702
82373
82372
57352
17500
17791
69135
27792
53888
27791
42300
06200
95911
57802
90912
95910
57258
57328
05772
05773
57320
57808
21270
76490
39810
05571
60446
19616
57432
57434
57436
57437
57438
48452
48453
85721
36595
48456
48105
54208
54204
54202
70371
09871
09302
62330
95730
95733
95732
95735
48215
90734
48217
90733
90730
70208
54518
18411
18410
18984
18980
90940
09543
54338
54332
54330
54334
05795
57923
85777
76750
76752
48587
62590
15826
15829
18340
96782
66301
14682
66307
14681
36295
33894
33895
33896
54106
76350
76352
79190
76358
79198
57803
45825
76221
03240
15559
67326
09861
06810
54230
66050
66051
79409
73100
73101
82389
51222
82385
15313
15312
19101
15317
82142
82416
82141
91889
91880
88184
57798
60302
96841
76824
76822
76823
76820
27100
76828
76829
51499
19740
51324
57241
16200
51812
57794
57522
80705
08706
90853
73328
82561
82562
88270
90979
06362
06363
06361
27217
27216
19633
73226
96705
60051
21640
96706
57139
57138
96703
96702
57135
57134
57137
57136
57131
57130
57133
57132
90920
90926
90925
90975
57221
57223
57222
57225
80641
57227
57228
60398
03900
57359
85484
85482
85480
57351
57350
57353
42101
57355
93821
93827
80992
05540
21260
11935
60458
60459
51470
60453
51476
42759
54520
42201
42200
42203
42202
54238
45765
45988
05899
54232
85736
45984
45980
70416
85211
53788
95722
95720
24101
21465
90703
36900
90701
54838
90705
18401
18402
85763
33402
54832
54306
70417
54304
18992
54302
18990
18615
03302
54308
05430
38709
15637
39600
39606
54788
33788
54781
18578
54786
54784
76783
76782
76786
76785
15123
57521
76789
54012
27454
45960
47802
47803
24352
45968
24355
62103
76320
18752
76326
18759
69136
76250
76270
69132
57011
15549
15494
79369
79360
15499
79362
79363
79418
79419
93766
51799
06777
93768
82172
91898
82281
57497
06995
51312
51316
51314
60200
60202
60206
76428
16761
90849
96766
11782
90840
19799
90844
82599
18723
82592
10810
27205
57933
96716
96717
96714
57698
57699
18995
57129
46735
57127
57696
57125
57122
46730
57120
57121
90934
90935
90936
90937
90930
90931
90932
90933
98084
90938
90939
98082
51374
17800
80602
57232
57233
57230
57231
57236
85251
17777
57349
96803
57340
80198
17773
93836
96718
57336
60429
60428
80513
80511
60420
96805
36758
80281
45998
45999
80999
96809
45990
09322
45992
70311
45994
45995
45996
45997
95717
95716
95715
95712
95710
96845
96842
96843
95718
11929
90718
11920
54827
90716
90717
90710
11925
54820
90713
54312
70122
54314
27591
54316
70401
03315
38710
54790
54792
54798
57901
57902
54224
54226
54222
36626
85811
90750
57986
76797
76790
76791
48576
69161
48706
48707
48703
48700
18321
33106
90755
45976
27445
45972
33104
45970
45971
66320
21320
76336
92882
76339
92883
96704
76247
15579
96707
39447
79312
47901
47900
47903
47902
57982
47721
47722
90782
27051
82162
93716
51785
57983
79226
79220
57393
85714
82292
82294
06500
88898
45740
73495
70365
51302
45742
76800
76801
76802
16778
60210
85719
82585
88251
82580
82344
82345
10801
79881
79880
57118
21660
57112
57110
57117
46720
17550
90941
57948
90943
90942
90945
80611
90947
45807
90949
90948
16311
21997
57599
57598
57597
42424
96734
12799
57758
57208
12792
12793
12791
57751
57202
12794
57752
69105
69104
69107
21832
69101
69102
69109
69108
96731
93849
93841
21201
09402
80502
80051
36724
36726
15498
60430
57793
60437
90956
42735
42734
19680
54496
85758
62347
62348
90955
85756
54498
48399
46944
95703
95704
95706
99102
99101
05630
45730
11910
57376
57374
12335
12336
54810
90766
70430
90723
14788
14786
90722
18202
14780
18817
57974
57976
15818
70418
54252
18517
14811
33776
54258
15812
85804
33889
57749
57466
15781
48731
48736
21801
18332
45943
57804
57807
57801
57800
45945
45944
45949
45948
57809
76492
62165
76308
76307
76306
76305
76304
76303
76302
76301
76474
76472
27311
76479
54104
03450
15569
54102
03101
54108
14761
38101
95923
47910
88407
36747
82110
24799
24793
24792
33756
24797
24795
24794
76271
79231
79239
95841
95840
95849
57930
76879
15212
15213
15211
51378
73150
88104
42502
06400
42506
42507
93853
73372
57692
76901
76900
76902
88221
88223
88222
12657
82338
82332
82335
51202
79892
79893
46718
79896
16897
16899
96735
96736
46710
96730
46716
96732
96733
90952
90953
90950
90951
19681
73200
90954
19682
21051
90959
54406
42434
57218
82241
82242
57212
57743
57216
21236
69112
69110
64347
60151
60402
60400
93852
76448
57104
57106
57100
57101
57102
91847
90880
85340
54480
54487
21301
54804
54802
96710
60719
60718
57362
57363
57364
53689
09502
90771
80405
90774
90775
05997
70428
57503
70424
18232
33340
33342
60599
33448
57968
36495
57962
57963
57960
57961
57965
54242
45877
70332
02710
09345
09612
33765
09348
18525
08743
57319
33446
24321
48728
85602
48725
33444
48721
48723
76488
57817
45959
57810
45955
45957
54738
62398
45952
76487
76318
79158
67505
67051
57453
76466
76465
76462
76460
76469
15519
85794
03445
24492
14777
79335
17848
15685
15686
15998
15997
15990
88410
88411
82102
82103
82101
82104
93732
93731
76260
79201
79200
76265
79204
76269
79209
79208
91600
91825
91824
91821
91820
95856
95857
95852
95853
88307
90842
76868
90823
76866
39245
73255
57997
19211
57369
42534
73365
76910
19679
51744
70650
51212
82324
19500
21820
90969
90968
90967
90966
90965
90964
90963
90962
90961
54980
82123
88120
80991
42401
42400
57779
10910
57775
93867
64402
64401
64400
57009
57008
21228
21229
69129
54988
60413
60414
96795
57480
42711
36708
57488
36703
36702
11735
11731
11733
85356
80275
85352
80271
96811
96810
96813
96814
70635
96818
70637
96712
46963
80995
90746
90745
09517
09510
54874
90741
33758
54878
60706
96711
09518
60701
90749
60703
57126
90986
90980
90983
42888
36410
12356
42882
05291
12355
70459
57697
70453
80895
70455
57123
39647
39646
45818
45815
45814
96719
45811
45810
45813
39648
79262
21420
90801
09604
45720
54904
53589
02702
54270
18310
54724
54726
54720
91801
03051
18649
48759
54294
91800
54292
39500
54298
48756
45929
45928
57825
18793
45921
27410
45923
45922
18798
18799
98081
09614
18220
54246
98083
54247
90752
73501
76101
76100
54122
54126
54124
03122
03121
15507
03124
14742
14747
79325
24262
15697
17850
90754
47719
79450
31402
47713
03545
15437
16597
93721
82134
82132
48570
36226
79218
79219
76294
79217
79211
79213
19440
95825
96785
96784
88330
06640
96786
51428
54342
51424
51426
51422
24441
95919
95918
95915
95914
95917
95916
39250
39251
95913
95912
73351
80811
73358
12631
12636
06461
06462
06466
76922
76921
17654
21356
76925
76924
65102
51731
51730
51732
51224
33762
90978
32400
06262
06261
90970
90971
90972
90973
90974
32402
60399
62390
57764
57765
88116
57762
12745
12743
12742
82262
10920
90744
93875
93876
69134
45950
21785
69130
57010
45951
17690
17691
57818
17699
57492
42702
57496
42705
42706
42707
36247
57498
57499
57162
57164
85363
80242
33766
80247
80245
96802
36754
16100
96806
96807
96804
36755
54466
33996
54462
21369
21499
99241
54862
90751
33100
54861
54866
33107
54864
90758
90759
54868
57389
57386
57384
57385
57382
57383
42896
57381
09708
18491
76508
57940
57942
48299
45808
57947
45806
39659
45802
45803
21765
69165
54268
45731
18819
54260
54264
54732
54733
03730
48749
54282
24302
15750
54278
45933
45936
45937
57833
03601
30102
47893
80994
67250
03130
47894
76446
90747
15539
54890
24491
54894
80993
62358
05888
06720
80990
33466
79336
47761
45770
47764
88437
82129
18100
82121
82122
48477
24392
46954
19753
33213
67495
51332
46950
91803
91802
95838
95839
31302
91804
90742
91809
95831
88329
95834
95835
76846
19051
51344
51346
17610
95908
95909
95906
95907
95904
95905
95902
95903
95900
95901
73435
73432
82789
73347
17614
82780
88212
17617
82303
82304
51231
51232
51728
19451
51720
98038
98032
60387
80655
57711
57710
57713
57712
57715
57714
57717
57716
57719
57718
12750
10935
10930
82272
82273
16995
16996
16997
93889
93888
93885
69140
57021
57020
93881
69144
90714
17668
90715
17660
80254
80257
80252
18845
90711
21800
11712
11717
96760
57156
57153
57620
57622
05671
54458
57440
15891
54452
96835
54450
48351
54456
21372
09741
99250
99251
27592
79865
54858
54856
54852
70509
70508
70507
70506
70505
70504
70051
70050
70501
70500
09718
33202
18487
09710
09717
09714
54764
24051
48513
45832
45831
48792
45837
45835
08711
08710
08713
08712
08714
21770
08718
36051
02760
54920
80322
15744
15745
54701
54705
54704
03700
45907
17909
45905
27433
33796
45901
33794
16990
33798
05811
05817
57023
18240
70471
36402
69142
03412
03410
15529
24201
12995
57908
47953
67390
47954
62051
14724
30202
33499
76726
76051
79051
47774
47775
36208
15410
33132
48797
79272
67485
79276
79274
91817
91810
91812
85377
15251
85117
95931
70492
24425
51392
54166
19734
51399
51398
32212
12612
12610
33228
51242
51712
51246
51718
95807
24734
95804
95803
39120
21804
24739
95808
57949
88499
19550
15221
60374
16610
57702
57703
12769
57701
57706
57707
57705
57621
57708
57709
16299
82201
82202
82204
24341
21484
69159
21901
21900
57520
54362
69156
69154
69155
85743
17678
17677
17672
80221
91850
80226
96771
96776
96836
57140
57141
57142
57143
57144
57145
57454
96834
57452
46932
21341
96821
48344
53711
57458
53712
36198
36462
98080
60590
54840
54842
54843
54844
79871
54846
85419
57031
85414
70513
80130
85412
48505
45820
45821
45823
18474
45828
45829
36998
17700
21373
62446
36996
36997
36995
08703
18875
08707
08704
08705
18879
08708
08709
54444
21881
54440
10697
54442
05395
85102
54448
15887
54718
48766
54715
54710
54712
85358
45911
45912
45914
33784
33785
33780
33782
57858
57859
79113
57857
57855
70460
70461
33302
70463
09720
03620
18904
33658
18906
18902
03402
18051
18722
76420
18729
30302
03390
03391
54158
57957
54152
96787
14733
14730
14731
03715
03710
03712
03713
67344
47980
06700
06702
06704
88505
15392
15391
15462
15465
15464
15395
15466
79243
79242
70503
24500
70502
91868
88346
91863
18482
51414
51416
51410
51412
45752
85781
95924
95925
95926
95927
95920
95921
95922
39200
95928
95929
36315
47747
88905
47744
88901
85729
47748
51388
06900
19726
51385
51386
32200
12608
14842
12604
12605
88762
90944
51702
57128
95810
15879
95816
82474
74802
98012
98011
96819
73251
60361
27367
57737
57733
06051
57731
57276
51892
57284
96781
57272
51874
51872
21121
36217
60102
65402
17644
85310
80235
90834
17749
57608
82502
96788
18794
57603
57602
57601
57600
57607
96780
96783
57604
57463
21355
46926
57464
46929
57468
53700
05650
57192
57191
57190
57194
53831
90789
90788
70201
79800
90784
57517
57516
57515
57514
57513
57512
57511
57510
80695
90960
57519
57518
54893
54892
45853
45852
45855
45854
48577
45856
45858
54898
57999
85221
21599
57992
62455
62452
62453
62450
62451
70381
54940
85795
54948
08730
54433
54432
54438
80341
06250
54768
15892
54702
48795
54763
54762
48775
48793
54766
57866
57864
57863
57862
48405
57868
98063
79104
99451
99452
70499
70498
54388
54386
36149
54382
54380
76386
76385
54708
76383
18733
18731
15090
76389
14707
14706
14705
54366
17814
14700
54368
14708
09932
03761
76708
33797
76701
76707
76706
76705
54240
47996
15385
15386
15381
47998
79251
79257
79258
85881
76143
76145
06600
91878
06607
06606
88377
91873
91870
11930
57925
03210
96708
76892
76890
15075
24401
27775
27756
27755
27752
96713
79492
79490
79491
