73392
57928
54162
51265
51264
51262
51261
19712
24718
39100
19402
32300
92894
60359
92890
92893
92892
60355
57729
82222
82221
57720
57721
57722
57723
88399
88398
57290
57291
57292
57293
57294
17652
60130
36202
36201
51844
80595
57614
57615
57616
57617
57610
57611
57612
57613
90827
90825
57618
57619
85320
82532
98000
96794
11761
96792
96793
96790
96791
99200
57479
95799
95797
10702
95795
53730
95791
95790
90790
90792
57184
57186
90798
21610
57182
11120
57500
64451
57502
21292
57505
57506
57507
57508
57509
80110
85436
80114
57985
45840
57987
54888
45844
53600
54884
54886
48569
57989
53609
53608
62402
27995
46860
46864
46866
54952
54950
70391
54954
21721
54422
85506
54420
12231
54424
12232
85508
15869
54772
09050
54770
33211
54777
48781
57870
57871
57874
57876
57878
57879
48415
48410
82192
08612
57094
54398
57095
48095
70486
54392
54394
70483
54396
18703
76391
54172
18700
76395
54176
54178
76399
79393
79396
79398
54378
62241
62247
62245
33895
76718
33896
67101
18639
15446
15441
90744
03513
03510
33114
33898
90740
92897
67211
60705
76050
76887
76882
76883
76888
60701
03206
03204
03202
03203
82051
51478
85981
27763
27762
27765
66501
66502
54304
90982
73474
09107
70641
88702
09105
06100
82456
70643
82453
57391
51274
51276
92869
82188
91844
74951
57392
24700
24701
91849
92867
73270
09851
32312
92882
92883
12714
12715
82232
82235
21470
82989
88388
88389
19706
19700
19709
21112
17620
21110
21111
57265
54998
16711
64590
11754
80210
80211
90811
98072
51102
11590
82522
57408
17655
95785
17657
21606
85198
80100
80102
85423
36303
80109
57958
57316
57310
42801
57312
53619
45875
09222
45872
48551
09221
95757
17755
17754
05589
05689
90940
18842
54962
36835
53721
53722
53723
54416
54414
54412
54410
70345
70340
70343
90946
15872
54988
57889
57888
57884
48420
48135
57880
48137
30402
08663
95765
95760
95769
18447
21373
76365
54184
76367
54278
76360
79382
09911
09912
79381
54346
54344
79388
54348
03345
03344
45895
76760
45897
45899
02701
54746
18622
54744
54742
33997
54740
33998
03744
03741
03740
15451
15453
15455
67370
67373
76390
54726
85748
54198
24391
24390
02900
79706
79705
31202
79701
33202
76373
27774
03232
15310
27770
54190
15296
21374
15295
57756
15050
06820
57753
82144
88950
82422
91850
24778
57475
17614
80311
10701
24776
18794
90976
80180
19601
19600
51912
57472
12728
12726
12724
12721
85241
95930
76774
62381
27390
93711
19770
69153
73440
51392
21127
21126
57274
21123
21122
64100
21120
51828
90807
90801
90802
36220
16722
16725
11741
11742
85743
51394
33232
69151
51132
82881
57418
57410
57416
57417
03750
36310
32100
32103
32102
60791
21630
12100
69195
69193
33332
69191
62400
09218
57300
57301
45860
45862
45863
45866
09214
57097
21257
21256
21703
21702
21700
16850
21259
57098
57099
45795
54970
33051
57051
36795
82163
48305
09455
09106
54402
09104
54404
09101
69175
54996
18549
69176
70350
18540
15845
99405
99151
99400
57895
57892
57890
48125
95753
95750
05688
95756
33456
18432
33451
03350
76378
54196
54192
53605
76370
18766
27551
54358
27555
27556
48051
54356
54350
54352
54492
76772
76773
45884
45885
48564
45880
45881
76778
45888
45889
54752
24736
33234
54758
03755
67309
45849
67301
76511
85857
15111
85852
17997
95700
79288
79282
46944
46945
47838
15599
47831
47830
51452
31105
31106
31107
79351
31102
31108
88724
90735
82432
15337
51050
18859
39390
65202
19617
19614
90858
19610
76382
90856
73051
85505
19760
85051
57799
60499
17609
57703
57791
57790
21132
57792
57795
57794
57797
57796
42799
90760
90879
16221
90763
60250
60251
90762
88051
06300
57642
33795
11792
82542
85113
51122
99232
16822
33350
80495
85443
85446
90907
90906
90902
33213
27217
42311
57333
57330
57337
57336
99522
62415
57338
73499
48205
93804
93800
21241
93809
39800
39803
39802
60472
60470
80253
57424
57423
57422
03815
57420
70101
09445
57429
57428
85716
48440
48115
09841
85712
70366
70365
70364
54214
96707
54212
99410
96701
57138
85395
09204
54500
90720
09202
57523
69150
76298
15610
21902
76343
96709
96708
54328
05417
54320
54322
54324
54327
54326
57931
48596
48595
48599
57939
57938
15854
18390
15859
18396
67310
90957
79291
79293
15105
79298
15103
15100
33771
79720
15819
24370
15589
79504
76238
79503
54390
27711
27715
79345
45886
66220
06800
54170
90724
11344
82399
88998
06799
24752
90958
74902
85602
19620
19626
88198
96779
82436
51051
76830
76833
48732
51335
51488
51331
19752
51332
16741
17619
51802
57782
57783
57780
57781
57786
17615
57784
57785
12051
90866
88061
24231
90868
90723
57453
82572
12690
96764
82374
82372
57352
17791
69135
48341
42300
06200
39250
90915
80621
80623
95910
57258
80611
57328
05774
05775
21270
39810
05571
05540
60446
60449
19616
57432
57434
57436
57437
12271
85723
36595
48456
48105
54208
54206
70375
54204
08781
54202
70371
09871
09302
62330
95730
95733
95735
48215
90734
48217
90733
54514
54515
70208
18415
90869
18411
18410
18984
18980
60599
54338
09541
54332
54330
91857
54334
80817
05795
57923
85777
48587
62590
15826
15485
86700
18341
18340
96782
80815
66301
96720
66307
36295
36746
33894
18746
18745
33897
33892
33893
47810
76358
79198
57803
48505
48736
76227
76222
03240
15559
05897
67326
79371
79370
05898
06810
06815
79404
66050
66051
73100
73101
82389
51222
82385
15313
15312
19101
93771
82142
82416
82141
91889
91883
91880
88184
57798
60302
96841
76827
76822
76820
27100
51499
51328
51324
57241
51812
57522
80705
08706
90853
73328
82562
90979
06362
06363
06361
82362
27216
73226
96705
60051
21640
96706
57139
60391
96703
96702
57135
57134
57137
57136
57131
57130
57133
57132
98093
98092
98091
98090
98094
90928
90920
90926
90925
90975
57221
57223
57222
57225
80641
57227
57228
90977
03900
57359
85484
85482
85480
57351
57350
57353
42101
57355
93827
80992
93828
21260
11935
70160
60458
60450
51470
60453
11930
42201
42200
42203
42202
54238
45765
05899
09861
85736
54230
62328
42996
85211
53788
95722
95720
24101
21465
90703
36900
90701
54838
90705
18610
18402
54833
54832
54306
70417
70416
18992
54302
18990
85261
03302
54308
05430
05434
27582
15637
39600
39606
54788
54781
18578
54786
54784
76783
76782
76786
15123
57521
17654
54012
16865
27454
45960
47802
47803
24352
45968
62103
18752
18753
18756
18757
76329
18759
69136
76270
57011
15549
17691
15494
15496
79368
79369
79367
79360
79362
79363
79416
93767
06779
51799
51796
06777
51794
82172
91898
85705
19484
82281
82282
11490
57497
76816
76819
36247
06995
51312
60200
60202
60206
16761
90849
96766
11782
90840
90841
19799
90844
90845
82599
18723
82592
51774
10810
19644
27205
51779
57933
96716
96717
96714
57698
57699
18995
57129
57126
57127
57696
57125
57122
57123
57120
57121
90934
90935
90936
90937
98088
90931
90932
90933
98085
98086
90938
90939
51374
80602
03392
57232
57233
57230
57231
57236
57234
17777
57349
96803
57340
80198
17773
93836
96718
93831
80517
36755
80515
80511
60423
36758
60424
80518
80280
42744
45998
45999
80999
96809
80993
09322
05888
70311
45994
45996
45997
95717
95716
95715
95713
95712
95710
96845
96842
96843
95718
21690
11929
90718
11920
54827
90716
91848
90710
11925
54820
90713
32310
54312
70122
54314
54316
70401
54318
03311
03315
24356
38710
54790
54792
21365
54798
57901
54224
54220
54222
36626
85811
90750
76795
57986
76790
76791
69161
48706
48707
48703
48700
18321
33106
90755
45972
47874
45970
66320
45979
21320
76334
76339
96704
76241
88505
76245
15579
39447
91718
79312
47901
47900
47903
47902
47721
47722
90782
51788
11319
93716
51780
51783
51785
79225
79221
96700
85714
82292
06500
82299
88898
54218
73495
85710
51302
45742
76800
76801
76802
16778
60210
57473
19784
85719
90823
88251
82580
19653
51763
82344
82345
82342
57945
79881
16891
57118
21660
57112
57110
57117
90941
57948
90943
90942
90945
24500
90947
57949
90949
90948
16311
80619
21997
57599
57598
57597
42424
96734
12799
57759
57758
57209
57208
12792
12793
12791
57751
57750
12794
57752
69105
21765
96737
69101
69102
69109
69108
96731
93841
21201
09402
80502
80051
36724
36726
57793
60437
60435
90893
90892
90891
90890
90956
42735
42734
19680
54496
62347
62348
90955
54498
48399
95702
95703
95704
95705
95706
99102
99101
05631
05630
45730
60723
11910
57376
57374
85119
57370
12335
12336
54810
90765
90766
70430
33608
14788
14786
90722
18202
85781
57974
57976
15818
54250
70418
54252
18517
33777
33776
54258
15812
08200
33889
57749
57466
15781
48731
15785
21801
18332
48739
57804
57807
47861
57801
57800
45945
57802
45949
45948
76493
57808
62165
76307
76306
76305
76304
76303
76302
76301
76474
76477
76472
27311
76479
54104
54106
15569
54102
24484
03101
54108
14761
95923
79303
47910
36747
79432
24799
24793
24792
24797
24795
24794
76274
79233
76271
79231
95843
95841
95845
88313
57930
76879
15212
15213
15211
51379
76877
88791
73150
88104
06400
42506
42508
73372
57692
12658
76901
76900
76902
88221
88223
88222
82333
82332
82335
51202
79892
79893
16897
16899
96735
96736
21832
96730
90944
96732
96733
90952
90953
90950
90951
19681
73200
90954
19682
21051
90959
42434
82241
82242
57212
57743
21236
69112
69110
85429
60151
60402
60400
93853
93851
90747
57104
57106
19750
57100
57101
57102
90885
90886
90887
90880
85340
42724
54487
57501
21301
54804
60711
96710
57362
57363
57364
53689
57368
09502
90771
80405
90774
90775
05997
70428
57503
70424
18232
54666
33340
33342
33448
57968
11732
36495
57962
57963
57960
57961
57965
54242
70332
02710
09345
33767
33765
09348
80319
08743
57319
33446
24321
09220
48721
48723
76488
57817
45959
57810
62392
45955
45957
54738
47852
45952
76487
76318
79159
67505
67051
76464
76465
76462
76460
15519
85794
03445
24492
14777
14774
14775
15685
15998
15997
15990
88410
88411
24784
82103
82101
82104
93732
93731
76260
79201
79200
76265
76269
79209
79208
91821
91820
95854
95857
95852
95853
38210
88307
90842
15221
76869
24675
08810
76861
39245
27782
57997
19211
90772
17677
57369
76910
51744
82323
70650
51212
82324
19500
21820
90969
90968
90967
90966
90965
90964
90963
90962
90961
54980
82123
88120
06250
42400
57779
10915
10910
93866
64400
57009
57008
21228
21229
69129
60410
60411
60414
60141
96795
16421
57480
42711
36708
57488
36703
36702
57171
86800
80276
85357
85352
80270
96811
96810
96813
96814
62360
96818
70637
96712
96713
80995
54870
33112
09510
54874
33758
54878
60706
96711
09519
90749
60703
90984
90986
90980
90983
42888
57394
36410
12356
57390
57393
12355
33339
57697
70451
70453
80895
70455
39647
39646
48539
45818
45815
45814
96719
45811
45810
57959
39648
33756
21420
16264
33111
09604
45720
54904
54272
02702
54270
18310
54724
18645
54720
03051
18649
48759
62141
62358
54292
39500
48752
54298
45929
05872
57825
18793
45921
27410
45923
45922
18798
18799
18220
65402
54246
90752
73501
76457
76101
76100
88329
54122
15508
54126
54124
03122
03121
15501
03124
14742
79327
24262
15697
90834
90754
79450
31402
47713
03545
15437
16597
93721
82134
82132
36226
76299
79219
76364
79214
96789
79216
79217
79211
95821
95825
76857
96785
96784
96787
96786
54342
51424
51426
51422
24441
54340
95919
95918
95915
95914
95917
95916
95911
39251
95913
95912
80811
73358
12631
12636
06461
06462
06466
76922
76921
21356
76925
76924
65102
80818
51731
51730
51732
57449
51224
33762
90978
32400
06262
06261
60390
90970
90971
90972
90973
90974
32402
60399
62390
57764
57765
88116
57762
12745
12743
12742
82262
10920
24452
76483
93875
69134
45950
21785
69130
69131
57010
62398
17690
09543
57818
17699
42702
42703
57496
42705
42706
42707
42709
57498
57499
57162
11722
57164
80242
80247
96802
36754
96806
96807
96804
96805
54466
54464
33996
54462
21369
99241
21366
54862
90751
33100
54866
33107
54864
90757
90758
90759
54868
57389
57386
57384
57385
57382
57383
42896
57381
09708
18491
76508
54600
57940
57942
48299
57947
45806
45807
45802
45803
08764
08766
69165
54268
45731
57514
54262
54264
54732
54733
98089
69160
03730
54286
48749
54282
24302
15750
27402
45936
57833
03601
30102
47891
67250
47897
47894
76441
15539
24491
48576
45991
80991
92821
06720
80990
33466
79336
47761
45770
47762
79335
18100
82121
82122
48477
24392
27051
19753
79268
67495
79260
79262
79265
79267
46950
91803
91802
91801
91800
31302
91804
90742
91809
95831
95837
95834
95835
76840
76841
19051
51434
51344
51346
62453
92980
95908
95909
95906
95907
95904
95905
95902
95903
95900
95901
82789
73347
73349
82303
82304
51231
51232
82492
19451
51720
60540
08734
98038
98037
98032
60382
60387
60388
57711
57710
57713
57712
57715
57714
57717
57716
57719
57718
12750
10935
10930
82272
82273
16995
16997
93889
93888
93885
57022
57021
57020
69144
90714
82102
90717
80251
27775
90711
11712
03230
21804
21805
96760
57625
57156
57153
57620
57623
57622
05671
54458
57440
15891
48354
96835
54450
48351
54456
21372
09741
21371
46904
99251
54858
54856
54852
70509
70508
70507
70506
70505
70504
70051
70050
70501
70500
18482
09719
09710
09714
24051
48512
45831
48792
45837
08711
08710
08713
08712
08715
08714
08718
36051
57864
96821
48409
02760
54920
80321
80323
15744
15745
15746
54705
54704
03700
08534
45907
45905
45903
45901
33794
16990
57845
05817
57023
18240
70471
69140
36402
69143
79206
69142
03412
15529
76433
24201
12995
57908
47953
67390
47954
62051
14727
14726
76729
30202
33499
76051
79051
06714
15418
36208
15410
33132
79272
88357
91816
91810
91812
85377
51402
15251
51406
51404
90917
95931
70492
73403
73402
73401
51396
73405
73404
19734
51399
32212
90910
18732
12610
33228
51242
51712
51246
54160
51718
95807
95804
95803
95802
39120
95808
82686
88499
19550
57624
60375
57702
11411
57700
57701
57706
57707
57705
57621
57708
57709
16299
82201
82202
24341
21484
21901
21900
57520
93895
69156
69155
17678
17679
60110
17672
96771
96776
54452
57140
57141
57142
57143
57144
57145
57146
57454
96834
46932
48348
10725
57320
48345
53711
57458
53712
57863
45740
36198
36462
60590
54840
54842
38412
54844
54846
85419
57031
85414
70513
80130
85412
45825
45827
45820
45821
45823
18474
45828
45829
46903
62446
36996
36997
36995
08703
18875
08707
08704
08705
18879
08708
08709
54444
21881
54440
99250
54442
05395
33104
85102
54448
54718
48766
54715
54710
54712
45911
45914
11899
45917
33784
33785
33780
57858
57859
96836
57857
57855
70460
33302
03620
33658
18906
18902
03402
18051
76422
76420
76427
30302
03390
03391
54158
57957
54152
62265
03715
03710
03713
47980
06700
06702
06704
57438
15392
15391
15462
15465
15466
70503
79249
70502
91869
51414
45752
95924
95925
95926
95927
95920
95921
95922
39200
95928
95929
88905
47744
88901
85729
06900
19726
51385
51380
32200
51383
12608
88766
12604
12605
88762
51702
11390
57128
80994
95810
95813
95816
82474
74802
98013
98012
98011
12771
96819
73252
73253
42444
73255
27367
57737
57733
06051
57731
51899
51892
17638
57284
96781
57272
51874
21121
36217
60102
51878
85310
91717
57608
82502
96788
54406
57603
57602
57601
57600
57607
96780
96783
57604
21355
46926
57464
46929
53700
05650
57192
57191
57190
57194
53831
90789
90788
70201
79800
57517
57516
57515
10601
57513
57512
57511
57510
80695
90960
57519
57518
54893
54892
45853
54890
45855
45854
48577
45856
45858
54898
57999
85221
21599
62454
62455
62452
54518
62450
62451
70381
54940
85795
54948
18869
08730
54433
54432
54438
80341
42401
54768
85746
82162
54702
48795
54760
48797
54762
54764
48793
54766
57866
05834
05833
57862
48405
21341
57276
57868
98063
79104
99451
99452
70499
54388
70495
54386
36149
54382
54380
08463
76386
54708
76383
18733
18730
18731
15090
18739
14707
14706
14705
54366
54362
54368
14708
09932
03761
76708
76701
76707
76706
76705
54240
47996
15385
15381
47998
08998
08997
08996
54166
24539
79254
79255
79258
85881
76416
76143
76419
06600
91878
06607
88377
88371
88370
57925
03210
15075
36315
27756
27755
27750
27751
79492
79490
79491
