76753
73392
73395
54162
60750
85794
51266
51264
51262
82198
92879
19712
82192
19402
92871
32300
92894
92891
92890
92893
92892
92898
60355
57729
82222
88392
57720
57721
57722
57723
88399
88398
57290
57291
57292
57293
57294
57295
57296
60130
36202
36201
80595
57614
57615
57616
57617
57610
42051
57612
57613
90827
90825
57618
57619
80201
85320
82532
98000
76430
96796
11761
96791
99200
57479
95799
95797
95796
10701
53730
57470
95791
95790
90794
90792
57184
57186
21610
57182
57500
64451
57502
21292
57505
57506
57507
57508
57509
80110
85436
57985
45840
57987
45846
45844
53600
54884
54886
48569
53609
73499
62402
27995
46860
46864
98116
46866
54950
70391
54954
05888
54422
85506
99193
12231
54424
12232
48368
85508
15869
54772
09050
54770
33211
54776
54777
48781
57870
57871
57874
57876
57878
57879
98114
48415
48413
95775
95774
08617
57094
57095
48096
48095
70486
54392
54394
70483
54396
70481
54170
76391
54172
18700
76395
54176
76397
76399
54376
79393
79392
54372
98112
79396
79398
62241
62247
62245
33895
76718
33896
67101
18639
15446
33892
15441
15440
33893
98110
90744
03513
03510
03511
33114
21737
33111
98111
67211
60705
76409
76050
79710
76887
76888
60701
03206
51470
03202
03203
82051
11935
85981
27763
27765
66501
66502
54304
73474
12352
80413
88702
09105
06100
82456
88499
82450
51272
91844
74951
24700
91849
24703
73270
09851
32312
60340
48436
12716
92883
12714
12715
85701
27725
88386
82232
82235
21470
82989
19704
54611
19706
19700
19709
21112
17620
21110
21111
98109
98107
98100
16711
57957
11754
11752
80210
51102
11590
82522
57408
17655
95785
17657
21606
85198
85425
85426
80100
80102
67326
36303
67325
57958
57316
36497
36495
45877
53619
54560
09222
45872
48551
09221
17758
95757
17755
17754
05589
95756
45780
90940
18842
54962
18847
36835
53721
53723
54416
54414
54412
54410
70345
70341
70340
70342
54988
57889
57888
48420
48135
57880
48137
57882
30402
95767
08663
95765
95760
95769
18447
21721
21373
54188
76365
54184
54278
76360
09911
09912
79381
54346
54344
54349
54348
03345
03344
45895
76760
45897
90828
45892
80208
45899
02701
54746
18622
54744
54742
33997
54740
18629
03744
03741
03740
15451
15453
15455
67370
67373
85748
24392
24391
24390
54196
02900
79705
31202
79701
33202
45950
76373
27774
03232
03230
54190
15298
57754
15296
21374
15295
51441
15291
38051
62141
15050
06820
57753
88950
69104
82426
82428
69102
24778
10702
80311
76772
19609
05872
57933
19601
19600
51912
57472
12729
12726
12724
12723
12721
45883
85241
90977
95930
76774
62381
27390
19770
69153
73440
98118
51392
21127
21126
57274
17639
21123
21122
64100
18799
51828
90801
90802
36220
16722
16721
16720
51824
16725
11741
11742
11744
85743
33232
69151
51132
82888
33234
82880
57418
57410
57416
57417
03750
80051
36310
32100
32103
32102
60791
21630
12100
76776
69195
69193
33332
69191
62400
09218
57300
45860
45862
45863
48544
09214
57097
21257
21256
21703
21702
21700
99530
21259
57098
57099
45795
54970
33051
98115
60469
57051
36795
82163
48305
09455
09106
54402
70643
54404
09101
69175
54996
15849
18549
69176
70350
18540
15845
99405
99151
99400
57895
57892
57890
48125
95753
95752
95750
05688
05689
33456
18432
33451
18769
03350
16362
76378
76376
76377
18762
54192
53605
76370
54358
27555
27556
48051
54354
54888
54350
54352
54492
45886
76773
45884
45885
45882
48564
45880
45881
76778
45845
45888
45889
54752
54754
54756
54758
03755
24730
67309
45849
03534
67301
02801
76511
15111
17997
79288
79280
95702
95703
47838
15599
79730
47831
47830
51452
80575
31105
31106
31107
79351
31102
79352
31108
88724
57833
90735
82433
51050
18859
82440
39390
39399
24767
80180
19616
19617
19614
90858
19610
76382
73051
99191
70451
54420
24616
19760
57374
85051
57799
60499
85501
57703
57791
57790
21132
57792
57795
57794
57797
57796
90960
42799
90879
60250
60251
70453
85117
82890
82892
82893
57705
06300
57642
11792
82542
51122
16822
33350
85736
80495
85443
85446
90904
90907
90906
90902
33213
27217
42311
27216
57333
57330
57337
57336
99522
57338
48205
93804
21241
54775
93809
39800
39803
39802
60470
80253
80383
57424
57423
03815
57420
70101
09445
57429
57428
85716
48440
48115
85715
85712
70366
48447
70364
54214
96707
54212
99410
96701
96700
85395
09204
54500
54505
90720
09202
57523
54509
69150
15610
21902
96709
76340
76345
96708
05417
54322
54324
54327
54326
57934
67170
57931
48596
48595
48599
48598
57939
57938
15855
15856
15851
18390
15859
18396
67310
67311
90957
15105
15100
33771
15819
24370
15589
14812
90730
70321
79504
79503
54390
27711
79341
66220
06800
76390
90724
88283
11344
82399
88444
88998
06799
15322
90958
54177
88335
74902
85602
19620
88198
96779
51051
24331
76830
51335
51334
85261
51331
19752
51332
16741
17619
51802
57782
57783
57780
57781
57786
17615
57784
57785
12051
90863
80713
73331
80714
90864
24231
90868
60265
57453
82572
12690
82372
57352
70418
17791
69135
27792
57458
57801
57459
27791
42300
06200
90916
95911
90912
95910
57258
57328
05772
05773
57320
57808
21270
39810
05571
05540
60446
60449
60448
65202
57432
57434
57435
57436
57437
12271
21881
96823
48452
36595
48456
48105
54208
54206
54204
08781
54202
70371
54200
09302
62330
85725
95730
95733
95732
95735
48215
90734
48217
90733
54514
54515
70208
18415
90739
18984
18980
09543
54338
57611
54332
54330
06463
54334
05795
57923
85777
76751
48587
57928
15826
85419
86700
18341
18340
96782
15137
80815
18757
96720
66307
36295
33894
18746
18745
33897
76351
18741
76353
47810
33898
79198
90944
48505
27726
03240
15559
05897
79373
05899
79371
79370
09861
06810
79379
79378
06815
66050
66051
73100
73101
06781
51222
82385
15313
15312
19101
82411
82144
82413
82142
82416
82141
91889
91882
91881
88184
57798
60302
96841
76824
62446
76820
27100
76828
51499
51328
98122
51324
57241
51492
51812
98120
51814
17603
57522
80705
90856
90853
73328
82562
90979
06362
06363
21882
06361
82362
47910
19638
73226
96705
60051
21640
96706
57139
57138
96703
96702
57135
57134
57137
57136
57131
57130
57133
57132
98093
98092
98097
98095
98094
98099
98098
69155
90926
90925
90975
57521
57222
57225
80641
57227
57228
60398
03900
57359
85484
85482
90705
85480
57351
57350
57353
42101
57355
93827
80992
18401
64373
93828
21260
18402
70160
60453
42752
11930
42201
42200
42203
42202
54238
45765
45987
05898
45985
54230
62328
42996
42990
53788
95722
95720
24101
95710
21465
90703
90702
90701
90700
36905
54838
54529
54527
54834
54525
54833
54832
70415
54306
70417
70416
18992
54302
18990
18615
88051
03302
54308
05430
05434
15637
39600
39606
54788
54781
18578
54786
54784
76783
76782
76786
15123
76789
54012
48710
16865
69139
27454
45960
47802
47803
24352
45968
24355
62103
18752
38210
76326
18759
69136
15549
15494
15495
15497
79360
15499
79362
79363
79416
93767
51799
06777
51792
54620
82179
82172
91898
15302
19484
95862
82281
11490
57497
82770
85707
36247
06995
51312
39051
60200
60202
33889
60206
03402
16761
90849
11782
90840
19799
90844
90845
82599
18723
82592
51774
10810
82355
51772
27205
51778
96716
96717
96714
57698
57699
18995
57129
57126
57127
57696
57125
57122
57123
57120
57121
90934
90935
90936
90937
98088
90931
90932
90933
08801
98086
90938
90939
51374
48714
80602
03392
33777
57232
57233
57230
57231
57236
57237
57234
12781
17777
57349
57340
80198
15645
93835
93836
96718
93831
60429
36755
80515
96804
80511
36758
60424
60427
60426
70194
80281
96808
45998
45999
80999
96809
14822
09322
14820
45993
45994
45995
45996
45997
95717
95716
95715
46950
62590
96845
96842
96843
95718
82186
85505
11929
90718
85105
54530
54827
91848
90710
11925
54820
90713
32310
54312
70122
54314
27591
54316
70401
54318
03311
03315
38710
54790
54792
21365
57901
54224
54220
02730
54222
36626
21366
85811
90750
76795
57986
76797
76790
76791
69161
48703
48700
18321
33106
90755
27445
33104
45970
66320
62170
45979
76332
21320
76336
76337
90759
92882
76339
96704
57980
76243
76240
88505
76245
15579
73372
39447
91718
47901
47900
47903
47902
47721
47722
93711
57386
82162
93716
51780
88383
79221
85714
82292
82299
88898
54218
73495
70365
51302
45742
76800
76801
76802
24656
24655
16778
60210
54601
19784
85719
19781
82585
88251
82580
51763
82344
82345
82342
82343
79881
16891
57118
21660
57112
57110
57117
90941
57948
90943
90942
90945
80611
90947
90946
90949
90948
16311
21997
57599
57598
57597
96734
12799
57759
57758
57209
57208
12792
12793
12791
57751
57750
12794
57752
69105
21765
96737
69101
69103
64350
69109
69108
93841
21201
93846
09402
60438
09401
36724
36727
36726
57793
60437
79361
90897
42731
90956
42735
42734
19680
54496
85758
62347
62348
90955
95700
46944
46945
95704
95705
95706
99102
99101
05631
05630
45730
11910
42645
57376
54818
57370
90760
54810
90765
54814
70431
70430
80875
14788
14786
90722
18202
99740
57662
18817
57974
57976
15818
54250
18510
54252
70322
14811
33776
54258
15812
08200
85803
76349
57749
15780
15781
48731
48736
21801
18332
48739
45943
57804
57807
45947
57800
57803
57802
45948
76492
76491
62165
76307
76306
76305
76304
76303
76302
76301
76474
76473
76472
27311
76479
54104
54106
15569
54102
24484
03101
54108
14761
38101
95923
79302
79303
79300
79304
79305
36747
82112
24799
24793
24792
24797
24795
24794
76274
76271
76270
79238
95843
95842
95841
95845
57307
57930
76879
15212
15213
15211
51378
76873
98089
88791
73150
76745
57305
06400
42506
42509
57692
76901
76900
76903
76902
88221
88223
88222
12657
82333
82332
82334
51202
79892
79893
16897
16899
96735
96736
21832
96730
96731
96732
96733
90952
90953
90950
90951
19681
73200
90954
19682
21051
90959
54406
42434
85423
82244
82241
82242
57212
21236
69112
69110
85429
60151
60402
60400
93853
93851
93855
36731
09435
21599
57104
57106
57100
57101
57102
90887
90880
85340
42724
90889
54487
57501
21301
54804
60711
96710
85341
57362
57363
57364
53689
57368
09502
90771
80405
90774
90775
14798
05997
57503
70424
18232
54666
33340
33342
60599
33448
57968
11732
57962
57963
57960
57961
57965
33762
02711
02710
09345
09612
57622
09348
08742
08743
45873
33446
24321
09220
48724
48725
33444
48721
48723
76488
57817
62390
57810
62392
45955
45956
45957
54738
62398
45952
76487
76318
67505
79157
76467
76465
76462
76460
67272
80502
76469
15519
03116
03445
24492
14777
14774
14775
79332
15685
15998
15997
15990
88412
88411
24784
24785
82101
24781
82104
82105
93732
93731
15199
79203
79201
79200
76265
79204
76269
91600
91824
91821
95859
95857
91828
95852
95853
88307
90842
15221
24675
90823
76862
76867
39245
73148
57997
19211
57369
73365
76910
51744
51745
70650
51212
82324
19500
21820
90969
90968
90967
90966
90965
90964
90963
90962
90961
54980
82123
88120
80991
42402
06250
42400
27323
57779
10915
10910
57466
93866
99340
57008
80990
21228
21229
69129
70348
60411
60414
60141
16421
57480
42711
36708
57488
36703
36702
57171
11731
85358
86800
80276
96811
96813
96814
62360
70637
54470
96712
90829
96713
80995
54870
33112
09510
54874
90740
54878
60706
96711
09519
60703
90984
12358
90986
90980
90983
90982
53690
57394
12351
57391
57390
57393
57392
33339
57697
09990
54610
54613
54612
70455
54614
39647
39646
08662
45818
45814
96719
45811
45810
57959
39648
33756
21420
09604
85775
45720
54904
54272
02702
54270
18310
54724
54720
54051
57319
33652
03051
18649
48759
54294
39500
45929
18795
57825
18793
45921
45923
45922
18798
70332
09614
18220
54246
33767
76453
90752
33765
76101
76100
54122
54126
54124
15502
03121
03124
79320
79326
79328
24262
15697
90834
90754
80895
47719
79450
31402
88423
03545
15437
16597
93721
82134
82132
76368
36410
36226
57608
79218
79219
76364
79215
79217
79211
91835
91830
91831
95821
95820
95825
91839
76853
06640
76859
51428
54342
51424
51426
51422
24441
54340
95919
95918
95915
95914
95917
95916
39250
39251
95913
95912
82791
80811
12631
88205
12636
62350
06462
06466
76922
76921
17654
21356
76925
76924
65102
82480
51731
51730
51732
82489
51224
45894
90978
32400
06262
06261
80648
90970
90971
90972
90973
90974
32402
60399
45959
57764
88117
57762
12745
05841
12743
12742
82262
10920
24452
99332
93875
69134
62250
21785
69130
69131
57010
57011
17690
17691
57818
17699
42701
42702
57496
42705
42706
42707
42709
57498
57499
57162
11722
57164
80242
80247
80245
96802
96803
96806
96807
54468
96805
54466
54464
33996
54462
99481
21369
33998
99241
99242
54862
90751
33100
54866
33107
54864
90758
67051
54868
90782
42890
57384
57385
57382
57383
57381
09708
54608
54609
18491
54602
54603
62358
09702
54606
54607
54604
54605
57940
57942
57947
54592
57949
54590
45802
45803
08764
08766
69165
54268
45731
18819
57514
54262
54264
54732
54733
69160
03730
48749
54282
85407
24302
15750
48747
99460
27402
57837
45936
27405
03601
30102
47892
47891
67250
47896
47894
76444
90747
15539
54890
24491
48574
48576
80993
45991
45992
06720
70311
33466
45770
47762
79335
18100
82121
82122
48477
82389
27051
19753
79268
67495
19750
79267
95712
91803
91802
91801
91800
31302
91804
90742
91809
73501
95834
95835
76840
76844
19051
51434
51344
51346
62453
17610
92980
95908
95909
95906
95907
95904
95905
95902
95903
95900
95901
82789
73430
73347
17614
82780
88743
12629
82303
82304
51231
51232
51728
19451
90866
51720
88061
90865
98030
96789
57711
57710
57713
57712
57715
57714
57717
57716
57719
57718
80348
12750
10935
10930
82272
82273
16995
16997
93889
93888
93885
57022
57021
57020
93881
69144
93883
11920
54531
82102
90717
80250
80252
27775
80258
90711
11713
11712
21804
21805
96760
57625
57156
57153
57620
57623
57150
05671
54458
57440
48354
96835
96834
48351
54456
21372
09741
99252
46904
99251
27592
54858
54852
70509
70508
70507
70506
70505
70504
70051
70050
70501
70500
18482
09719
05499
09710
09714
24051
45839
45833
48512
45831
48792
45834
08711
08710
08713
08712
08714
36695
08718
36051
57864
96821
57863
02760
54920
80322
15744
54702
15746
54705
54704
03700
45905
45904
45903
45901
33794
16990
76260
05817
18243
18240
70474
70471
69140
36402
69143
69142
03412
03410
15529
24201
24200
12995
57908
67390
67395
14720
62051
14724
14727
30202
33499
76726
76051
79051
96826
36208
15410
33132
91820
96827
79273
79270
85375
91810
85377
08601
15251
51406
95931
70492
73403
73402
73401
73405
73404
19734
51399
19736
32212
18732
80622
12610
21800
33228
51242
51712
51246
54160
51718
95807
95804
95803
95802
39120
95808
19550
60379
18738
57624
60373
57702
11411
57700
57701
57706
57707
54364
57621
57708
57709
16299
82201
82202
27357
24341
21484
69159
21901
21900
57520
93895
69156
93891
17678
17679
17677
17672
80221
96771
54452
57140
57141
57142
57143
57144
57145
57146
57452
46932
21341
57449
96822
91857
96825
53713
53712
45740
36198
36462
60590
54840
54842
38412
54844
54846
80683
10615
57031
85414
80130
85412
45825
45820
45821
45823
18474
45828
46903
53623
53622
36996
36997
36995
18875
08707
18879
08708
08709
03763
54444
05391
54440
99250
54442
05395
85102
54448
18618
54718
48766
54714
54715
54710
90714
18617
45910
45911
33788
45915
33784
33780
33782
57858
57859
96836
57857
57855
70460
33302
70464
70465
09720
03620
18906
18902
76428
18051
76420
30302
03390
03391
54158
54152
62265
57431
03715
03710
03711
03713
76732
47981
47980
06700
06702
06704
57438
15392
15391
15462
15465
79244
70503
70502
91869
85723
88341
51414
51416
45752
85781
85726
95924
95925
95926
95927
95920
95921
95922
39200
95928
95929
47747
88905
47744
88901
17773
85729
06900
19726
51380
32200
32201
09871
12604
12605
88762
51702
51254
11390
57128
80994
95816
82474
82470
74802
16850
98012
98011
12770
96819
73252
73253
42441
27367
57737
98119
57733
06051
57731
51899
98117
17638
57284
96781
57272
98113
21121
36217
60102
21120
65402
85310
90839
80235
91717
17749
82505
82502
18794
57603
57602
57601
57600
57607
96780
96783
57604
21355
46926
57464
46929
05650
57192
57191
57190
57194
90789
90788
85211
70201
15873
79800
79424
90785
57517
57516
57515
10601
57513
57512
57511
57510
80695
19699
57519
57518
54893
54892
45853
45852
45855
45854
45856
45858
54546
57999
85221
62458
62459
62454
62455
62452
54518
62450
62451
70381
54940
85795
54948
98121
08730
54433
54432
54434
54438
80341
15891
85746
15745
48795
48797
54762
54764
48793
54766
57866
90976
05834
05341
57862
05830
48405
09802
48400
57276
98063
79104
99451
99452
70499
54388
70495
54386
70497
36149
54382
54380
08463
76386
54708
76383
18733
18731
15090
76389
18739
14707
14706
14705
03363
14708
09932
33791
03761
76709
76708
27433
76707
76706
76705
54240
47996
15385
33795
47998
08998
57009
08997
08996
54166
79254
85881
76143
06600
06607
06606
88377
88371
88370
03210
76892
76891
15075
36315
27756
27755
27752
79492
79490
79491
