73399
73392
73395
57928
54162
85794
51264
51262
82198
82448
92879
19712
82443
82441
24718
19402
92871
32300
12701
92897
60358
92891
92890
92893
92892
92898
60355
57729
82222
88392
57720
57721
57722
88399
88398
57290
57291
57292
57293
57294
57295
57296
60130
57298
36202
16250
80595
57614
57615
57616
57617
57610
42051
57612
57613
80754
90824
90825
57618
57619
85320
82532
98000
11761
96790
96791
57479
95799
95797
95796
10701
57477
57470
95791
95790
90791
90792
90793
57184
57186
21610
57182
57500
57501
57502
21292
57505
57506
57507
57508
57509
80110
85436
80115
53605
54888
45844
45845
54884
54886
48569
53609
73499
62402
27995
46860
27542
46864
98116
46866
70391
54954
05888
54958
99191
85506
99193
12231
54424
12232
85508
54772
09050
54770
33211
54776
15712
48781
57870
57871
15862
57874
57876
57878
57879
98114
48415
95774
08617
57094
54398
57095
70488
48095
54390
70487
54394
70483
70480
54170
76391
54172
76395
54176
54178
76399
54376
98112
79396
24231
76714
99734
62241
62247
62245
33895
76718
18745
67101
18639
15446
33892
15441
15440
90744
03513
03510
33114
21737
90740
33111
98111
67211
60705
79051
45924
88368
76887
76882
06618
76888
60701
03206
51470
03202
03203
82051
11935
85981
27763
27765
27764
90986
66501
66502
54304
73474
88702
09105
06100
88499
91844
91843
74951
91840
82186
24701
91849
92867
73270
09851
32312
60340
90714
12716
92883
12714
12718
82232
82235
21470
82989
19704
54611
19706
19700
19709
21112
17620
21110
21111
98109
98100
98103
54998
16711
11756
11754
11753
39646
80210
80211
90817
51102
11590
82522
57408
17655
95785
17657
21606
21604
85198
80105
85426
80100
80102
67326
36303
57297
85429
42334
57958
57314
33448
36497
36495
45877
53619
54561
09222
45872
48551
09221
17758
95757
17755
17754
05589
95756
18848
45780
21732
18842
54962
18847
36201
36835
53721
53723
54416
54414
54412
54410
70345
70341
70340
70343
70342
90946
54988
57889
57888
57884
48135
57880
30402
95767
95765
95760
95769
18447
54188
76365
54184
54278
76360
18713
09911
09912
79381
54346
54344
79388
54348
03345
03344
45895
45894
45897
54274
90828
62255
62250
62251
02701
54746
18622
54744
54742
33997
54740
33998
03744
03741
03740
15451
15453
15455
15456
67373
85748
24392
24391
24390
02900
79705
31202
79701
76215
33202
06622
06620
27774
03232
27770
54190
15296
21374
15295
38051
62141
90973
15050
06820
57753
82144
88950
69104
82142
90706
82427
69102
24778
10702
80311
76772
90976
18795
80180
19601
19600
51912
57472
12729
12728
12726
12724
12721
85241
90977
95930
76774
57824
27390
19770
69153
73440
76779
21127
21126
57274
17639
21123
21122
18799
51828
90801
36220
16722
51822
51824
16725
11741
11742
11744
85743
33232
69151
51132
51134
57418
57703
57410
57416
57417
03750
32100
32103
32102
60791
21630
12100
69195
69193
33332
69191
62400
09218
57300
57301
45860
45862
45863
45864
48546
09214
57097
21257
21256
21703
21700
16850
21259
57098
57099
45795
54970
33051
54972
57051
36795
82163
48305
09455
09106
54402
70643
54404
09101
69175
54996
54994
36662
18549
69176
70350
82705
18540
15845
99406
99405
99400
57895
57892
57890
48125
95753
95752
05688
05689
33456
18432
33451
18769
03350
76378
54196
76377
54194
18762
54192
76373
76370
54063
27555
27556
48051
57980
54350
54352
45886
76773
45884
45885
45882
48564
45880
45881
76778
53600
45888
54752
33234
54758
03755
67309
45849
03534
98115
02801
76511
15117
85851
15110
85852
17997
79288
17993
79283
79286
79285
95703
47838
15599
47831
47830
51452
90880
31105
79357
31107
79351
31102
31108
88724
90735
51050
18859
82439
21721
39390
65202
19617
19614
90858
19610
73051
54422
70451
85505
19760
57374
54426
79450
57799
60499
88424
11411
57791
57790
21132
57792
57795
57794
57797
57796
90873
42799
42798
90879
51831
51834
42790
70453
82892
82893
57705
06300
57642
33795
57640
21880
11792
82542
51122
21624
91717
99234
33350
16824
85736
80495
85443
85446
85444
90904
90907
90906
90902
85281
33213
27217
69145
57333
57330
57337
57336
57338
48205
54777
93804
93807
21241
54775
93809
39800
39803
39802
60474
60472
60473
80253
27357
57424
57423
57420
70101
09445
12201
57429
57428
85716
48440
48115
70366
70365
70364
54214
54212
99410
62306
90897
57825
31106
09204
54500
54505
90720
09202
57523
54509
69150
15610
57521
76342
76341
76346
80835
85395
54324
54327
54326
57934
67170
57931
48596
48595
57932
48599
48598
57939
99701
36610
18390
18391
15859
18396
67312
67314
79295
79296
79292
15105
15102
79299
15101
14824
79720
54250
24370
15589
76232
33777
79504
70489
79503
27715
27718
67495
79345
79342
54396
66220
06800
76390
90724
88283
90926
11344
82399
82397
88998
06799
15323
90958
98145
74902
98144
85602
19621
19620
19626
19625
57140
88198
82436
57634
51051
76835
57611
57635
76831
57144
76839
57633
24623
51482
51335
85261
19753
19752
19750
16741
17619
51802
57782
57783
57780
57781
57786
17615
57784
57785
12051
90863
73331
90864
57453
82572
12690
95702
15637
57351
10831
10830
82372
57352
70418
17791
57807
96826
57459
98138
45946
42300
06200
95911
57802
80623
95910
98134
98135
98136
98137
57258
98139
57328
05774
05775
57808
21270
39810
05571
93828
60447
60446
17401
60449
60448
57431
57432
57435
42760
57437
12271
21881
80535
48452
48453
85720
45752
48105
54208
70374
54204
08781
54202
70371
54200
09302
85725
95730
95733
95732
95735
54512
48215
90734
48217
90733
54514
54515
70208
18415
18411
90739
18984
18980
60599
54338
54330
06463
54334
05795
57923
48587
76756
57929
36602
15826
85419
36608
67130
86700
18341
18340
18345
96782
80815
96720
66307
36295
24361
33894
18746
76356
33897
18742
09741
33893
33898
18748
90944
62327
27727
03240
15559
05897
24482
05899
67325
79377
05898
06810
06815
79400
66050
66051
73100
82389
51222
82385
15312
19101
15319
82413
93777
82416
82141
91889
91883
88184
85714
57798
98128
76827
62446
76820
27100
98123
51499
51328
98122
51324
51322
57241
51812
51814
17603
57522
80705
90854
90853
73328
90850
82562
90979
06362
06363
21882
06361
11796
11795
82362
27216
19638
96705
60051
21640
57139
57138
96702
57135
57134
57137
57136
57131
57130
57133
57132
95724
98094
98099
98098
90928
80637
90921
90701
90925
90975
98141
98140
98143
98142
57225
60250
57227
98146
57229
57228
60251
03900
82894
85484
85482
85480
62430
57350
57353
42101
57355
93821
93827
32200
64373
05540
21260
54525
70160
90708
60450
60453
42752
42201
42200
42203
42202
05891
54238
45765
45987
09861
45985
54230
42997
42996
42990
42999
42998
53788
95722
95720
24101
95710
90703
80454
90700
36905
54838
90705
54527
54834
18402
54836
54833
11930
70415
54306
70417
70416
18992
54302
18990
54300
18615
88051
03302
54308
05430
05434
27582
05438
90731
39600
39606
57800
54788
54781
18578
54786
54784
76780
15121
15123
76789
54012
48710
48712
16865
69139
27454
45966
45960
47802
47803
24352
62100
45968
62103
76321
18752
18753
69135
18759
69136
76270
15549
15494
92882
79360
79363
51799
51796
06777
51792
54620
85341
82172
91898
15302
85705
19484
82281
82282
11490
76814
76819
36247
06995
51312
39051
60200
60203
60202
60206
16761
11782
11783
90840
19799
90844
76786
57162
82599
18723
12674
76784
90805
12673
82592
10810
82355
27205
57933
91820
57698
57699
18995
57129
57126
57127
57696
57125
57122
57123
57120
57121
90934
90935
90936
90937
90930
90931
90932
90933
90938
90939
24661
80602
03392
57232
57233
57230
57231
57236
57237
85251
17777
57349
57340
15645
93836
93831
60429
36755
80515
80511
36758
60424
60427
60426
80280
96808
45998
45999
80999
96809
45990
09322
14820
45993
45994
45995
45996
45997
95717
95716
95715
46950
62590
21329
96843
95718
54538
11929
90718
69164
45950
54826
91848
90710
11925
54820
90713
32310
54312
70122
54314
54316
70401
54318
03311
03312
57938
38710
54790
54792
18699
57901
54224
54220
02730
54222
36626
21366
85811
90750
76795
57986
76790
76791
69161
48706
48703
48700
18321
90754
90755
45972
33104
45970
66320
45978
45979
21320
90759
79175
79174
96704
92880
88505
76245
15579
73372
91718
79310
47907
47906
47901
47900
47903
47902
85310
57982
88477
47721
47722
93711
57386
82162
93716
51780
51782
51786
90941
57983
95895
88222
54608
82292
54609
06500
82299
15463
88898
54218
73495
51302
15465
45742
76800
76801
76802
24658
24657
16778
60210
42511
19784
85719
82332
90823
82580
51762
51763
82344
82345
82342
82343
79881
16891
57118
21660
57112
57110
57117
80614
90940
90943
90942
90945
80611
90947
57949
90949
90948
16311
21997
57599
57598
57597
12799
57209
57208
12792
12793
12791
57751
57750
12794
57752
69105
21765
69101
69103
64350
69109
69108
21201
93846
09402
80502
80051
36724
36726
57793
57632
80294
90896
12080
42731
90956
90899
90898
42735
19680
54496
62347
62348
90955
95700
46944
46945
95704
95705
95706
99102
99101
05631
05630
99104
45730
11910
57377
57376
42646
42640
57370
54812
54810
90765
85112
70430
14788
14786
90722
18202
57971
57970
57974
57977
57976
33771
15819
18510
54252
70321
33776
54258
15812
15816
33889
15780
15781
48731
24332
48736
21801
18332
48739
45943
57804
47860
47861
57801
47867
57803
45944
45948
76492
62165
76307
76306
76305
76304
76303
76302
76301
76474
76472
57749
76479
54104
54106
15569
54102
24484
03101
54108
14761
38101
95923
79302
79303
79307
79305
36747
82112
24799
88905
24793
24792
24797
24795
24794
79236
76274
76271
79231
95843
95841
95845
57307
10802
57930
15212
15213
08803
15211
98089
88791
73150
57305
24722
76742
06400
42509
57692
36746
12658
76901
76900
76903
76902
88221
88223
57436
19667
19666
82333
93855
82335
51202
79892
79893
16897
85425
16899
90952
90953
90950
90951
19681
73200
90954
19682
85420
21051
90959
54406
82241
82242
57212
21236
69112
69110
60404
60151
60402
60400
93853
93851
93854
47896
09435
21599
57104
57106
57100
57101
57102
90887
57108
57109
90889
54480
54488
21301
54804
60711
96710
80261
85340
57362
57363
57364
53689
57368
09502
90771
80405
90777
90774
90775
05997
70428
57503
70424
18232
54666
33340
33342
36490
57969
57962
57963
57961
57965
54242
80314
02711
02710
09345
33767
57622
09348
54248
08742
08743
45873
33446
24321
09220
48724
48725
54060
54061
48721
48723
57817
45958
45959
57810
05841
45955
45956
45957
54738
62398
45952
76318
76311
67505
76314
76465
76460
76461
15519
03116
03445
24492
14777
15685
15686
15998
15997
15990
88412
88413
90895
24784
82101
24782
93732
93731
15190
15199
76260
79202
76265
76269
91600
91821
95859
95854
95857
91828
95852
95853
38210
88302
90842
15221
24675
51364
57707
39245
73148
27782
57997
57369
76910
80993
82594
51744
82323
70650
51212
80992
19500
21820
90760
90969
90968
90967
90966
90965
90964
90963
90962
90961
19699
85221
88120
80991
42402
06250
42400
27323
57779
10915
10910
79198
57466
93866
57009
57008
80990
21228
21229
69129
60412
60414
60141
57480
80997
36709
36708
57488
36703
36702
57171
11734
11731
86800
80276
80275
85352
85351
62360
70637
80995
54870
33112
09510
54874
33758
54878
60706
09519
60703
90984
12358
42660
90981
90980
90983
90982
12352
57394
12351
57391
57390
57393
57392
33339
57697
09990
54610
54613
54612
70455
54614
54616
39647
54588
45818
45815
45814
45811
45810
57959
39648
33756
21420
16264
09604
85775
45720
54904
79349
54272
02702
54270
18310
18645
54720
54051
54728
03051
18649
48759
54294
39500
45929
45928
17640
57827
18791
18792
62381
45921
27410
57828
47844
70332
09614
18220
54246
33765
76101
76100
54122
54126
54124
03122
03121
03124
14742
79323
79328
24262
15697
90834
80895
88426
47716
31402
88423
88422
03545
15437
16597
82134
82132
76368
36410
36226
57608
76364
76296
85051
95821
95820
95822
95825
76854
57602
24752
57600
51428
54342
51424
51427
51426
51422
24441
54340
95919
95918
95915
95914
95917
95916
39250
39251
95913
95912
80811
12631
54062
88205
12636
62350
06462
54349
06466
76922
76921
17654
46926
76925
76924
65102
51731
51730
51732
82489
51224
33762
76760
90978
32400
06262
06261
90970
90971
90972
80644
90974
32402
60399
62390
57764
57762
12745
88119
85211
12742
82262
10920
99334
57018
69134
45899
21785
69130
69131
57010
57011
17690
17691
57818
17699
42701
42702
57496
57497
42709
57498
57499
11726
98088
57164
80242
33766
80245
36754
54468
70194
54464
33996
54462
21369
90788
99242
54862
90751
33100
33106
33107
54864
54865
90758
67051
54868
42899
90782
42890
57384
57385
57382
57383
57381
09708
70448
70449
76508
54602
54603
62358
54601
54606
54607
54604
54605
57940
57942
57945
57947
57948
45807
45802
45803
54594
08764
08766
21761
69166
67272
69165
54268
45731
57514
80337
69163
54262
54264
54736
54733
69160
03730
54282
08201
24302
15750
99461
67280
27402
57837
45936
57833
03601
30102
47892
80994
76449
47894
90747
15539
90957
54890
24491
14822
45991
33896
45992
06720
70311
88928
79336
47761
45770
47762
85744
18100
82121
82122
48477
27051
51331
90743
79261
51332
79267
95712
91803
91802
91801
91800
31302
91804
90742
91809
73501
95834
76849
98038
19051
51434
51344
51346
62453
17610
92980
95908
95909
95906
95907
95904
95905
95902
95903
95900
95901
82789
73347
82785
82780
12629
82303
82304
51231
51232
51728
19451
90866
51720
88061
98030
98032
60381
60387
57711
57710
57713
57712
57715
57714
57717
57716
57719
12757
12750
10935
10930
82272
82273
16995
16997
16990
93888
57022
57021
57020
93881
69144
11920
88260
82102
90717
27775
90711
11713
11712
54536
57718
57625
57624
57153
57620
57623
57150
05671
62546
54458
82104
54452
48356
48351
48350
48353
46902
46903
99252
46904
99251
54858
54852
24789
03310
70509
70508
70507
70506
70505
70504
70051
70050
70501
70500
18482
09719
62726
05497
09714
24051
45839
45831
48792
45836
08711
08710
08713
08714
21770
36695
36051
57864
05833
02760
54920
54926
57862
54702
15746
54700
54704
54708
45907
45906
45905
45904
45903
27432
45901
33794
79125
57845
57846
18243
18240
70474
69140
36402
69143
70479
76439
69142
03412
03410
76431
15529
24201
24200
12995
57908
47952
67390
67395
14720
62051
14724
14727
82192
30202
33499
76721
76051
76050
06714
36208
15417
15410
33132
15413
96827
79278
79279
79275
88357
85375
91810
91812
15251
51406
90917
95931
70492
73403
73402
73401
51396
73404
19734
51399
73408
32212
76384
12610
33228
51242
51712
51246
88326
54160
51718
95807
95803
39120
95800
95808
19550
60373
57702
54365
57700
57701
57706
08810
54364
57621
57708
57709
16299
82201
82202
51882
24341
21484
21901
21900
57520
21902
69156
93890
69155
17678
17679
17677
17672
57440
70502
57141
57142
57143
11700
57145
57630
57631
54450
46932
21341
10725
57320
96822
91857
96825
53713
53712
57863
45740
36462
60590
54840
54842
54844
54846
10615
57031
85414
70513
80130
48505
45820
57449
45823
18474
45828
45829
21372
17703
21373
62447
53622
36996
36997
36995
54936
18875
08707
18879
08708
08709
03763
21356
54444
05391
54440
99250
54442
05395
54448
18618
54718
48766
54715
54710
15889
45910
45913
11899
33780
57858
57859
57857
57855
70460
33302
70464
70465
09720
03620
33658
18902
03402
18051
76420
76427
30302
03390
03391
54158
57957
18290
54152
27511
03710
03713
47981
47980
06700
06702
06704
57438
15392
15391
15462
54456
79247
79246
79243
79242
70503
79249
79248
91869
88341
51414
51416
36595
85781
85726
95924
95925
95926
95927
95920
95921
95922
39200
95928
95929
54206
47744
47743
88901
09710
45840
06900
19726
51385
51386
51380
51382
32201
09871
12604
12605
88762
51702
51704
11390
57128
95812
15879
95816
24721
82474
74802
98012
98011
12776
73252
73253
27367
57737
06051
57731
51899
82212
51894
17638
57284
57272
51874
36217
60102
21120
65402
80230
80235
79315
82506
57609
82505
82502
79317
18794
57603
42590
57601
11772
57607
96783
57604
21355
53708
57464
46929
48371
05650
57192
57191
57190
05872
57194
79427
90789
42624
42622
70201
79800
79803
90780
57517
57516
57515
10601
57513
57512
57511
57510
80695
90960
57519
57518
54893
54892
45853
45852
45855
45854
48577
45856
48579
45858
33466
57999
62458
62459
62457
62455
62452
54518
62450
70381
54940
85795
70385
54948
18869
08730
54433
54432
54438
80323
80344
15891
85746
48797
54762
54764
48793
54766
05837
57866
05834
05341
48408
48405
57276
05838
98063
98127
79104
99451
99452
70499
54388
70495
54386
70497
36149
54382
54380
76386
03700
18732
18733
18731
15090
76389
14707
14706
14705
14702
03363
14708
09932
76709
76708
76707
76706
76705
54240
47996
15385
15386
15381
47998
08998
76099
08997
08996
54166
79251
79253
79254
79255
79257
85881
85729
76143
76414
76144
76419
06600
91878
06607
88371
03210
76892
54164
15075
36315
27756
57271
47752
79492
79490
79491
