73399
76753
73392
73465
73395
54162
85794
51264
51263
51262
82198
82449
82448
92879
19712
19405
24718
82447
19402
92871
32300
12701
92897
60358
92891
92890
92893
92892
92898
57729
82222
82221
88392
57720
57721
57722
57724
88398
45929
57290
17655
57293
57294
57295
60131
57297
57298
36202
16250
80595
57614
57615
57616
57617
57610
42051
57612
57613
90827
90824
90825
57618
57619
80201
85320
82532
98000
11761
96790
96791
57478
57479
95799
53733
99208
10701
11732
57470
95791
90791
90792
57184
57186
21610
57182
57500
57501
57502
21292
57505
57506
21296
57508
57509
85436
53605
54888
45844
45845
48569
53609
53608
62402
27995
46860
62460
46864
46866
70390
70391
70397
54954
21721
54958
54422
85506
99193
12231
54424
12232
85508
54778
54772
09050
54770
33211
54776
15712
48781
57870
57871
98151
57874
57876
57878
57596
48415
48410
95774
82192
95771
57094
54398
57095
48096
70488
48095
70487
54394
54396
70481
54170
76391
54172
76395
54176
54178
54376
15668
79396
24231
54378
99734
62241
62247
62245
33895
76718
33896
67101
18639
33111
15441
15440
33893
90744
33114
21737
67211
79051
79710
76885
76886
76887
76888
60701
03206
51470
03202
03203
82051
85981
27763
80725
90986
66501
66502
54304
73474
88703
09105
06100
82456
80411
82451
57390
91844
91843
57392
82186
24701
92867
73270
09851
60346
88399
15849
12711
12716
92883
12714
85701
12718
27725
88386
82232
82235
88380
54206
82989
19704
54611
19700
19702
19709
21112
17620
21110
21111
98103
98161
54998
16711
11756
11754
11753
11752
39646
80210
80211
90811
90817
90816
51102
11590
82522
17654
57401
17657
21606
85198
85425
80107
80100
57296
80102
67326
36303
85429
57959
42334
57958
57314
31108
36497
53616
45877
53619
09222
45872
48551
09221
95757
17755
17754
05589
95756
45780
80615
54966
54965
18843
18845
90942
53720
53721
53723
54416
54414
54412
70650
70345
70341
70340
70342
70348
57889
57888
57887
48135
57880
57882
30402
95767
95764
95765
95760
95769
18447
80641
76368
76365
54184
76360
76363
79383
09912
54340
54346
54344
54349
54348
03345
03344
45895
45894
45897
90828
62255
62256
80208
62250
62251
62252
02701
54746
54744
54742
33997
54740
33998
03744
03741
03740
76508
15453
67370
67373
98156
24392
24391
24390
02900
67205
18760
79705
31202
79701
80315
33202
27774
03232
54190
15296
15295
62141
45951
15050
06820
57753
98160
82144
88950
69104
90706
82426
82428
95797
53732
80311
76772
90976
98158
18795
19601
19600
51912
57472
12729
12726
12724
12721
85241
90977
95930
94819
45881
27390
19770
69153
36490
76779
21127
21126
57274
17639
21123
21122
18799
90805
90801
53998
60245
16722
60241
51824
16725
11741
11742
11744
33232
69151
51132
82888
51134
33234
57418
57410
57417
03750
36722
32100
32103
32102
60791
21630
12100
36728
69195
33332
45868
57307
57304
09218
57300
57301
45860
45862
45863
45864
45865
09214
57097
21257
21256
21703
21702
21700
16850
21259
57098
57099
54970
33051
54972
57051
36795
12215
48305
09455
09106
54402
70643
54405
09101
54996
54994
85706
18549
69176
70350
57507
18540
15845
99406
99405
99151
57898
99400
57895
57892
57890
48125
95753
95752
05688
05689
51710
33456
18432
33451
18769
03350
76378
54196
76377
54192
76373
76370
80821
27555
27556
48051
54354
57980
54350
54352
45886
76773
45884
45885
45882
48564
76774
94818
76778
53600
94813
94811
85850
54752
54754
54758
03755
67309
45849
03534
67301
02801
76511
85851
15110
85852
17997
95702
95703
15599
79731
47831
47830
47832
27705
51452
36201
79355
31105
79357
31107
31102
19882
88940
79359
88724
51050
51051
82440
39390
24767
65202
19617
19614
90858
19610
73051
57377
70451
85505
19760
85051
57799
60499
98128
85501
57703
57791
57790
21132
60493
60494
57794
57797
57796
90873
42799
42798
90879
51831
42792
42791
42790
82892
82893
57705
06300
57642
57640
11792
82542
51122
99234
16822
33350
80495
85446
85444
90904
90906
90902
85281
33213
27217
42311
57333
57330
57337
57336
57338
73499
48205
54777
93804
93807
21241
54775
93809
39800
39803
39802
60475
80382
27357
57424
57423
57420
70103
70101
09445
48332
57429
57428
45745
48116
45746
85712
70366
70365
70364
54214
54212
99410
57879
57138
95740
31106
09204
54500
18421
54505
90720
09202
57523
54509
15610
57521
57824
79352
05417
85395
54324
54327
54326
57934
57931
48596
57933
57932
94800
94801
48599
94804
57938
94807
15855
36610
57970
18390
18391
15859
67312
67313
67316
79295
90957
79297
79293
15102
15101
14824
33771
54250
24370
14814
15589
33777
76234
79504
79506
79503
27711
70480
66221
66220
06800
76390
90724
11344
11345
82399
82397
88998
06799
15322
90958
98144
85602
98147
19620
19625
98149
88198
98148
57634
90721
57611
76836
76830
57144
76839
57633
24623
51482
24684
51335
24628
19753
19752
19750
16741
17619
16745
51802
57782
57783
57780
57781
57786
17615
57784
57785
12051
90863
73331
90864
24682
60265
82576
82572
12690
42540
27227
10831
10830
82372
95918
47862
57352
70418
85380
85385
69135
27792
96826
48341
98138
57800
27791
42300
06200
95911
57802
90912
95910
98134
98135
98136
98137
57258
98139
05772
05773
57808
21270
93812
93810
39810
05571
60447
60444
60449
60448
48328
48329
57432
57434
57435
42760
57437
12271
48327
48452
48451
45752
48105
54208
70374
54204
08781
54202
70371
09871
09302
79167
79165
85725
95730
95733
95732
54512
48215
90734
48217
90733
54515
70208
18415
90738
90739
18984
18980
90940
60599
54338
54332
54330
54334
05795
57923
48587
57928
57929
36602
36608
86700
18341
18340
18345
96782
82312
80136
66307
36295
33894
18746
18745
33897
76350
18742
33892
76353
33898
18748
10702
76221
62327
27728
03240
15559
48503
05899
67325
09861
06810
85736
67329
79400
66050
66051
73100
73101
82389
82380
82385
15312
19101
51834
15319
82142
82416
82141
91889
88184
57798
57818
76824
62446
27100
36996
90731
98123
51499
19741
51324
57241
57792
51814
57795
57522
80705
57351
90854
73328
90850
82562
90979
06362
06363
21882
06361
11796
11795
82362
27216
96705
60051
21640
57139
60391
21860
96702
57135
57134
57137
57136
57131
57130
57133
57132
98094
98099
90921
90926
90925
90975
98141
98140
98143
98142
98145
60250
57227
57229
57228
60251
03900
85484
85482
85480
62430
57350
57353
42101
57355
93821
93827
93826
54834
32200
05540
21260
11935
70160
54524
60450
60453
42752
95712
11930
42201
42200
42203
42202
05891
54238
45765
45987
05898
45985
54230
42997
42996
42990
42999
42998
53788
95722
95720
24101
95710
90703
90701
90700
90707
54838
90705
54527
18401
18402
54836
54520
70415
54306
70417
70416
18992
54302
18990
54300
18615
88051
03302
54308
05434
05438
57911
39600
39606
99761
54788
54781
18578
54786
54784
76780
15121
15122
15123
54012
48710
48712
16865
27454
45960
47802
47803
24352
62100
45968
24355
62103
18752
76324
18757
18759
69136
76271
76270
57011
15549
45730
15494
67333
66203
15498
79363
06779
51799
06777
51792
54620
54342
85341
82172
91898
15302
95863
82281
11490
90708
76818
06995
51312
39051
60200
60206
11782
11783
90840
19799
90844
90845
76786
57162
82599
18723
82590
82592
27205
96716
57698
57699
18995
57129
57126
57127
57696
57125
57122
57123
57120
57121
90934
90935
90936
90937
90931
90932
90933
08801
90938
90939
48714
80602
03392
57232
57233
57230
57231
57236
98157
98155
12781
85251
98159
12785
12784
17777
57349
57340
54152
93836
80515
36757
80511
60421
36758
36759
60427
60426
70194
80283
80281
96808
45998
45999
80999
96809
14822
09322
05888
45993
45994
45995
45996
45997
95716
95715
46950
62590
21329
95718
11929
90718
69164
54826
54822
11925
54820
90713
32310
54312
70122
09741
27591
54316
70401
54318
03311
03312
32312
38710
54790
54792
39612
39613
54224
54220
02730
54222
21366
85811
15150
76795
57986
76790
76791
48706
48703
48700
90754
90755
27445
45972
33104
45970
66320
76332
76333
21320
92882
76339
92880
76246
88505
76245
15579
90781
79318
91718
47901
47900
47903
47902
57982
47721
47722
93711
57386
82162
93716
51782
51783
51786
57983
15468
12201
79226
79221
85716
48440
54608
82292
82299
88898
54218
73495
51302
15397
45742
76800
76801
76802
24658
24652
24656
24655
16778
60210
54606
18551
19781
90823
82585
88251
82580
82334
19653
82344
82345
82342
82343
79881
57118
57112
57110
57117
90941
57948
90943
80617
90945
90944
90947
90946
90949
90948
16311
80618
80619
67330
21997
57599
57598
57597
45802
42426
12799
57209
57208
12792
12793
12791
57751
57750
12794
57752
69105
21765
69101
57570
69103
69102
80180
57635
21201
93846
09402
80502
80051
36726
60433
57793
57632
90893
80294
90896
12080
90894
42731
90956
90899
90898
42735
19680
54496
62347
62345
45701
62348
90955
95741
46944
46945
95704
95706
99102
99101
05631
05630
18422
90959
11910
42645
57376
57374
42640
57370
54813
54812
54810
85110
85112
70430
14788
14786
90722
18202
85785
57971
18817
57974
57977
57976
15818
15819
18510
54252
70321
33776
54258
15812
80989
15817
33889
57749
15780
15781
48731
24332
48736
21801
18332
48739
45943
57804
57807
47861
57801
45946
57803
45944
45948
76492
76307
76306
76305
76304
76303
76302
76301
76474
76472
27311
76479
54104
54106
15569
54102
03101
54108
14761
62010
95923
79305
88402
88405
36747
82112
24799
88905
24793
24792
24797
24795
24794
79237
76274
79230
79231
95843
10802
57930
15212
15213
15210
15211
98089
88791
73150
16823
94802
57939
57305
06400
73372
57692
76901
76900
76902
88221
88223
88222
12657
82338
19666
82333
82332
19662
51202
79892
79893
16897
16899
21832
90952
90953
90950
90951
19681
73200
90954
19682
21051
32201
57438
36618
82241
82242
57212
57742
21236
69114
69112
69113
69110
47892
93858
60404
60402
60400
93853
93851
93857
93854
93855
09435
47894
21599
57104
57106
57100
57101
57102
90885
90887
57108
57109
90889
54480
54488
90813
21301
54804
60711
02402
96710
90880
85340
57362
57363
57364
53689
57367
57368
09502
90771
80405
90774
90775
05997
57503
70424
18232
54666
86710
33340
33342
33448
94706
94705
94703
94702
94701
57969
36495
57962
57963
57960
57961
62484
57965
54242
70332
02710
09345
33767
57622
09348
08745
08742
08743
33446
24321
09220
24640
48724
48725
54061
48721
48723
57817
45958
45959
57810
05841
45954
45955
45956
45957
45950
76485
45952
76318
67505
76314
76315
76464
76465
76462
76460
67272
76469
15519
03116
03445
24492
79336
14774
14775
79332
79331
79330
15685
15686
15998
15997
15990
88412
88413
82102
24787
82104
24789
15195
33444
15190
15199
76260
76265
76269
79209
18842
91825
91820
19472
95852
54962
90842
15221
24675
51364
85795
36783
73148
57997
17677
57369
12648
76910
76911
90776
11511
51744
51745
54410
51212
80992
19500
21820
90760
90969
90968
90967
90966
90965
90964
90963
90962
90961
19699
82123
88120
80991
42402
06250
42400
57779
10915
10910
79198
57466
93866
57009
57008
80990
21228
69129
54988
60412
60415
60141
17689
80997
42711
57488
36702
57171
11734
11731
86800
80275
85352
85350
85351
54479
48624
62360
70637
54470
90829
80995
54870
33112
54874
90740
60705
60706
09519
60703
90984
12358
42660
90980
90983
90982
12352
57394
12351
57391
53871
57393
12355
33339
57697
09990
54610
54613
54612
70455
54614
54616
39647
54588
57953
45818
57951
45815
45814
45811
45810
45813
39648
33756
21420
57459
09604
85775
54278
54904
54274
54272
02702
54270
18310
54724
54720
54051
54722
88326
03051
18649
38051
54294
39500
18794
79145
17640
57827
18791
18792
62381
45921
57828
18798
45924
18220
54246
76453
33765
76101
76100
17791
54122
54126
54124
15502
03121
03127
03124
79320
79323
79324
79328
24262
15697
90834
80895
47719
47715
79450
31402
88423
03545
15437
16597
82134
82132
98150
36410
36226
57608
76364
79214
76294
76297
79210
95821
95820
19441
95822
95825
76856
76853
76850
06640
57600
51428
09911
51424
51427
51426
51422
24441
80815
95919
15637
95915
95914
95917
95916
39250
39251
95913
95912
80811
36835
12631
54062
12637
54063
06463
06462
06466
76922
76921
46926
76925
76924
65101
65102
51731
51222
51732
51224
33762
76760
94820
90978
32400
06262
06261
90970
90971
90972
90973
90974
32402
60399
62390
57764
57760
57762
12745
12743
82262
10920
99332
69139
57018
69134
45899
21785
57015
69130
69131
57010
62398
17690
17691
76486
17699
95796
42701
42702
57496
57497
36247
57498
57499
11726
11722
57164
80245
80244
54468
54466
54464
54465
54462
54460
21369
99243
99242
54862
33100
33106
33107
54864
90758
67051
54868
42899
90782
42890
57387
57384
57385
57382
57383
57381
70448
54609
15451
54602
54603
62358
54601
70446
54607
54604
54605
57940
57942
57945
45809
45806
57949
54596
45803
08764
08766
36664
08769
54268
45731
57514
54260
54262
54264
85780
54736
54732
69160
54738
54285
54282
24302
15750
15754
99461
27402
45936
57833
03601
30102
48478
47891
62350
76444
90747
15539
54890
24491
48574
48576
80993
45991
45992
06720
70311
14777
45770
47762
85744
18100
82121
82122
48477
51331
67495
79263
51332
79266
91803
91802
91801
91800
31302
91804
90742
91809
73501
95834
76844
98038
19051
51434
51344
51346
62453
17610
92980
95908
95909
95906
95907
95904
95905
95902
95903
95900
95901
02740
82789
73348
82780
12623
86686
88743
12629
80711
82303
82304
51231
51232
51728
19451
51720
33996
88061
82876
98032
60380
57711
57710
57713
57712
57715
57714
57717
57716
57719
12757
12750
10935
10930
82272
82273
16995
16997
16990
93888
57022
57021
57020
93881
69144
11920
60160
88260
85375
82163
80257
80250
27775
90710
90711
11713
11712
82101
54536
57718
57625
57624
11719
57153
57620
57151
57150
05671
62546
54458
57442
54452
48356
48351
48350
54454
46902
46903
99252
99250
99251
94050
27592
54858
54852
03310
70509
70508
70507
70506
70505
70504
70051
70502
70501
70500
18482
09719
05499
62726
09714
24051
17711
48511
48792
45836
45835
08711
08710
08713
08714
36695
36051
57864
54922
02760
54920
54926
80322
54702
15746
54704
03700
45907
45906
45904
45903
45901
33794
05817
57846
18243
18240
70474
69140
36402
69143
70479
76439
03412
03410
15529
47882
76436
24201
24200
24202
12995
57908
47953
67390
16362
62051
14727
91600
30202
33499
76724
76051
76050
15418
36208
15417
15410
33132
15413
96827
79272
79276
79277
79275
88357
91810
80256
15251
51404
57947
95931
70492
73403
73402
73401
90915
73404
51399
73408
32212
80622
12610
21800
33228
51242
51712
51246
54160
51718
95807
95803
39120
95800
95808
88499
19550
80521
60377
57702
11411
57700
57701
57706
57707
14706
57621
57708
57709
36752
57623
16299
82201
82202
51882
24341
21484
21901
21900
57520
21902
54459
93890
69155
17678
17679
60110
17672
80221
24778
96838
57140
57141
57142
57143
11700
57145
57630
57631
54450
46932
48348
57449
96822
91857
53711
53713
53712
57863
36198
60590
36464
54842
54844
54846
57030
57031
80135
70513
85412
48504
48505
48506
48507
45820
45823
18474
45828
18472
21372
21373
62447
53622
53625
36997
36995
54936
18875
08707
18879
08708
21356
54444
05391
46904
54442
05395
54448
54718
48766
54714
48769
54710
90714
15889
45910
45913
11899
85261
62190
33780
57858
57859
57857
57855
70460
33302
70465
03620
18902
18725
03402
18051
30302
03390
03391
54158
57957
18290
15645
62265
62267
57431
03713
76733
06708
47981
57436
06700
06702
06704
53777
15392
15462
54456
15464
15395
79246
79242
70503
79249
70050
91869
88341
91865
51414
36595
51410
85781
95924
95925
95926
95927
95920
95921
95922
39200
95928
95929
27742
47746
47744
88901
85729
06900
19726
51386
51382
51383
82323
12604
12605
88762
69165
51704
11390
57128
80994
95812
19431
24722
79360
82474
98012
12777
73252
73253
45831
42441
27367
57737
57733
06051
57731
51899
82212
17638
57284
98112
36217
21120
65402
80230
91717
90833
82506
57609
82505
82502
85310
21470
57603
57602
57601
11772
57607
96783
57604
21350
21355
53708
57464
46929
53700
05650
36220
57191
57190
05872
57194
79427
53831
90789
85211
70201
79800
79803
79424
90785
57517
57516
57515
10601
57513
57512
57511
57510
80695
90960
57519
57518
54892
45853
45852
45854
54894
48579
45858
33466
57999
85221
62458
62459
62457
53630
62455
62452
54518
62450
70381
27051
70383
70382
70385
54944
54948
18869
08730
80348
54432
54438
80341
15891
85746
15894
15895
15745
48795
18603
48797
54762
54764
48793
54766
05837
57866
05834
05341
57862
48405
21341
57276
05838
98063
98127
79104
99451
99452
70499
54388
70495
54386
70497
36149
54381
54380
76386
54164
18732
18733
18731
15090
18739
14707
54364
14705
14702
54362
54368
03363
14708
09932
27565
03763
76708
76700
76707
76706
76705
54240
47996
15385
15386
33795
47998
08998
76099
08997
08996
54166
79254
79255
79259
85881
76143
76144
76418
06600
06607
88370
03210
76892
15075
36315
27756
27752
57271
54314
79492
79490
79491
