73399
96782
73392
73465
73395
19714
54162
85794
51264
51262
82198
82449
92879
19712
19405
24718
82447
19402
92871
82444
32300
60359
60358
92891
19715
92893
92892
92898
60355
57729
82222
82221
88392
57720
57721
57722
57723
57724
88398
57290
17655
57293
21105
57295
60131
57297
57298
36202
36201
54513
80595
57614
57615
57616
57617
57610
42051
57612
57613
90826
90827
90824
90825
57618
57619
85320
82532
98000
11761
96790
96791
10708
57479
95799
53733
99208
10701
11732
57470
95791
10704
47882
90792
57184
57186
57182
57500
57501
57502
21292
57505
57506
11611
57508
57509
85436
45842
53605
45841
54888
45847
45844
53600
48569
53609
53608
62402
27995
46860
46864
46866
70393
70390
70391
70397
54954
21721
70398
54422
99190
12231
48361
48362
12232
48368
85508
54778
15869
09050
54770
33211
54776
15712
48781
05820
57871
98151
57874
57876
57878
57879
48415
95774
82192
95771
57094
54398
57095
48096
70488
48095
70487
70484
54394
70480
54170
76391
54172
76395
54176
76398
54376
79393
79394
79396
24231
15661
54378
99734
62241
62247
62245
33895
27570
33896
67101
18639
33111
67360
15440
90744
33114
90740
92897
67211
79051
98168
92890
76887
88623
76882
76883
06618
88363
76888
60701
03206
51470
03202
03203
82051
90748
85981
27763
27765
90986
66501
66502
54304
73474
09105
06100
82456
88499
82450
57390
91844
91843
82186
92867
73270
09851
32312
88399
90714
88251
12711
92882
92883
12714
85701
12718
82232
82235
82989
88388
19704
54611
19700
19702
19709
21112
21110
21111
17626
85708
54998
80580
16711
11756
11754
11753
11752
39646
80210
80211
90817
51104
51102
11590
86675
82522
17654
90710
45991
17657
21606
57294
85198
85426
90711
80100
57296
36303
85429
57959
10620
45812
57314
33448
36497
36495
45877
53619
09222
45872
48551
09221
95757
17755
45958
05589
95756
45780
21738
18842
18843
54962
85510
36785
90942
53720
53721
53723
54416
54414
54412
54410
70345
70346
70340
70342
54988
57889
57888
08722
57884
57887
48420
48135
57880
30402
95765
95760
95768
95769
18447
21373
76365
76364
76366
76360
80816
09911
09912
54340
27542
54344
54348
03345
03344
45895
76760
45897
54274
62258
94827
62255
94828
94829
62250
62251
02701
54746
54744
54742
33997
54740
33998
03744
03741
03740
76508
15453
67373
85748
24392
24391
24390
45957
02900
79705
31202
79701
98169
76213
33202
76740
06622
06620
27774
03232
03230
27770
54190
98166
15296
24744
21374
15295
98164
62141
15050
98162
06820
57753
82144
88951
88950
48751
69101
24752
82426
91850
95797
95796
80311
57477
90976
19608
18795
19601
19600
51912
57472
12729
12728
12726
12724
57970
85241
90977
95930
98184
45881
27390
19770
69153
57692
51392
21127
21126
57274
21124
21122
45924
51828
90801
53998
60245
73407
60241
51824
16725
11741
11742
11744
85743
33232
69151
51132
82888
51134
82881
57418
57703
57410
57417
03750
36722
32100
32103
32102
60791
21630
12100
69195
33332
45868
62400
57304
09218
57300
57301
45860
45862
45863
45864
45865
09214
57097
21257
21256
21703
21702
21700
16850
21259
57098
57099
45795
54970
33051
57051
36795
12215
48305
09455
09106
54402
70643
09103
54405
09101
54996
54994
18549
69176
70350
57507
18540
15845
99406
99405
51714
99151
57898
99400
62317
57895
57892
57890
48125
95753
95752
05688
05689
51710
33456
18432
33451
18769
03350
76378
54196
18760
18762
54192
76373
76370
27555
27556
48051
57980
54352
45886
76773
45884
45885
45882
48564
76774
94818
76778
76779
94813
94811
94810
54752
33234
54758
85852
03755
67309
90969
03534
67301
02801
76511
67306
54550
04600
15110
15112
17997
79288
79287
95702
79285
95703
47838
15599
47831
47830
51452
76198
79355
79354
79357
79356
79350
31102
19550
88940
31108
88721
82433
82431
51050
18859
39390
54958
65202
19617
90858
19610
12730
73051
70451
85506
73450
19760
57374
85051
24619
57799
60499
98128
54424
11411
57791
60491
57241
57370
57795
57794
57797
57796
90873
42799
42798
90879
60257
51831
42792
42791
42790
82894
82892
88051
06300
57642
33795
57640
11792
82542
51122
42570
99234
33350
16824
11795
80495
85443
90904
90906
02252
90900
02250
02251
85281
33213
27217
57333
62410
57330
57337
57336
57338
73499
48205
54777
93804
93807
21242
21240
21241
54775
93809
39800
39803
39802
57870
60475
60470
60471
80380
27357
57424
57423
57421
57420
70101
09445
48332
57429
57428
85716
48440
85714
70366
70365
70364
54214
54212
99410
57138
31105
31106
09204
54500
18421
54505
90720
09202
57523
54509
15610
21902
57824
76340
76345
85395
54324
54327
54326
94808
57934
57931
48596
57933
57932
94800
94801
48599
94804
57938
94807
03302
15851
15853
18390
18391
15859
67319
67312
98094
67314
67315
79295
90957
86711
79293
15101
14824
79722
54250
14815
95821
14814
15589
76232
79504
79506
33776
79503
27715
03251
03250
27718
03252
80989
79345
54396
79340
08200
66221
66220
06800
76390
90724
11344
11345
16682
82399
82396
88998
06799
15323
90958
54178
85211
85602
98147
19620
98149
88198
98148
82436
57634
51051
76834
76837
57143
76831
57144
57633
24623
51482
24627
24626
51335
51336
19753
19752
19751
51332
16741
17619
16745
51802
57782
57783
57780
57781
57786
17615
57784
57785
12051
90863
60268
36618
88061
90865
82572
12690
42540
27227
10831
10830
82372
57352
94830
17791
69135
96826
48341
42300
06200
95911
45944
80621
80623
95910
57254
21268
57258
21269
05774
05775
57808
93814
21270
93812
39810
05571
60447
60449
60448
21261
48328
57431
57432
57434
57435
42760
57437
12271
21881
48325
48326
48327
48452
48451
45752
48105
54208
70374
54204
08781
54202
70371
09871
09302
17714
79165
21470
95733
95732
48215
90734
48217
90733
18418
70208
18415
18411
90739
18984
03330
18980
60599
54338
57611
54332
54330
54334
57926
05795
57923
48587
57928
57929
36602
15829
85419
36608
86700
18341
18340
18345
18348
45959
82312
66307
36295
24365
24361
33894
18746
18745
33897
33892
33893
33898
18748
57803
76221
48507
27727
03240
15559
05897
03101
48503
54606
79372
67323
05898
06810
85736
67329
96842
79400
66050
66051
73100
73101
82389
82385
88451
15312
19101
15317
51834
15319
82142
82416
82141
91889
51224
88184
45894
57798
57802
96841
76827
62446
76820
27100
36996
90731
51499
51328
57790
51326
19741
51324
57793
57792
51814
17603
31107
57522
80705
57351
90854
45891
73328
82562
47915
90979
06363
06361
11796
06364
82362
27216
19638
96705
60051
21640
57139
60391
96702
57135
57134
57137
57136
57131
57130
57133
57132
06611
90971
85850
90973
90921
90926
90925
90975
57521
60250
57227
57226
57229
57228
60251
03900
85484
85482
85480
54762
57350
57353
42101
57355
57357
93821
93827
93826
05540
21260
11935
70160
54524
60459
60453
42752
95712
54520
42201
42200
42203
42202
54238
45765
05320
05899
09861
45985
54230
85730
14834
42997
42996
42990
42999
42998
53788
95722
95720
24101
95710
90701
90700
54838
90705
54527
18402
54836
54830
54521
54832
70415
54306
70417
70416
18992
54302
18990
54300
54710
70419
70418
54308
05432
05434
27582
05438
57911
39600
39606
17639
99761
54788
54781
54780
18578
54786
54784
76780
15121
15122
15123
85719
54012
48710
48712
16865
16722
69139
45964
45960
47803
24352
62100
45968
62103
18753
76324
18757
18759
69136
76270
57859
15549
15494
15496
15493
66203
15498
66204
51799
51796
06777
51792
82172
91898
15302
85705
82281
82282
11490
90708
76811
76819
06995
51312
39051
51314
60200
60202
33889
60206
73315
11783
90840
19799
90902
90844
90845
76786
57162
82599
18723
82592
27205
51778
91820
57698
57699
18995
57129
57126
57127
57696
57125
57122
57123
57120
57121
90934
90935
90936
90937
90931
90932
90933
90938
90939
24661
80602
03392
57232
57233
57230
57231
57236
57237
98155
85251
12784
57607
57349
57340
57347
93836
60429
80516
80515
36757
80511
60421
02510
60427
80280
48478
45999
80999
96809
47805
14822
09322
05888
70311
45770
45996
45997
95716
95715
46950
62590
21329
96840
95718
11929
90718
45950
54826
09521
54535
54820
90713
32310
54312
54314
54316
70401
54318
18213
38710
54790
54792
54798
39612
39613
54224
76322
54220
02730
54222
21366
15802
15801
85811
15150
76795
57986
76791
48706
48703
48700
54004
90754
90755
85501
45972
33104
45970
66320
69160
45978
21320
88635
76334
76335
79177
76339
92880
76241
88505
76245
15579
73372
79319
47908
79310
79312
79315
47900
47903
47902
57982
47721
47722
93711
57386
82162
93716
51783
51786
57983
12201
79225
79226
79229
88223
54608
82292
54609
88898
54218
73495
51302
76800
76801
76802
24658
24659
57190
54603
24652
24657
16778
09705
16662
18551
90823
82585
57942
82580
19655
82344
82345
82342
82343
57118
57112
57110
57117
46721
90941
90940
90943
80617
90945
90944
90947
90946
90949
90948
16311
80618
80619
67330
21997
57599
57598
57597
57596
11683
12799
57209
57208
12792
12793
12791
57751
57750
12794
57752
69105
21765
57571
57570
69102
80180
36662
96709
57635
98181
98180
98183
98182
21200
21201
09402
80502
80051
36724
36726
60433
60436
60437
57632
90893
90890
80294
90896
12080
90894
42731
90956
90899
90898
42735
19680
54496
62347
45701
62348
90955
85756
54498
21441
46944
46945
95704
95706
99102
48393
99101
05631
05630
18422
90959
11910
57377
57376
42646
42640
57371
42642
54813
90721
09534
54810
90765
48240
70430
14788
14786
90722
18202
05982
54914
57971
18817
57974
57976
33771
15819
18510
54252
54254
70321
54256
54258
15812
08202
15816
15817
76349
15780
15781
48731
24332
48736
21801
18332
45943
57804
57807
47861
57801
57800
45945
76498
45948
86595
76492
76307
76306
76305
76304
76303
76301
76474
76472
57749
76479
54104
54106
15569
54102
54109
54108
98173
14761
62010
57744
95923
79309
79302
79301
79306
88403
88402
88405
36747
93702
82112
24799
88905
24793
24792
24797
24795
24794
79236
76271
79231
95843
27454
57307
88311
57930
15214
15212
15213
15210
51376
51378
76872
98089
88791
73150
94802
57939
57305
06400
42509
73375
36746
12658
76901
76900
76903
76902
88221
12651
19726
51757
19667
19666
82333
82332
82335
51202
79892
79893
16897
16899
21832
90952
90953
90950
90951
19681
73200
90954
19682
21051
32201
19689
11695
11691
98178
98179
82241
82242
57746
98171
57212
57745
98174
98175
98176
98177
21236
69114
69112
69113
47892
21238
93858
60404
60402
60400
93853
93851
93857
93854
93855
09435
02530
57104
57106
57100
57101
57102
90886
90887
57108
57109
90889
54480
54487
54488
62375
21301
54804
60711
54800
02402
96710
90880
54808
85340
57362
57363
57364
53689
57368
09502
90771
80405
90774
48257
05997
70428
57503
70424
18232
54666
33340
80880
33342
70423
36490
94706
94705
94703
94702
94701
57969
57962
57963
57960
57961
62484
57965
54242
70332
02710
09345
33767
57622
70339
54248
08745
08742
08743
33446
24321
48728
09220
48724
54063
54061
48721
54064
48723
57817
62391
62390
57810
45955
45956
76483
54738
62398
45952
76487
67505
76313
76314
76464
76465
76460
76461
76468
24370
15519
03116
03445
24492
14777
14774
14775
79330
15685
15686
15998
15997
15990
94899
88413
82102
24787
24782
15359
15195
76260
76265
76269
91600
91824
11782
95852
18845
73252
90842
24671
76868
24673
08810
82744
12779
36784
36835
73148
27782
19211
90772
17677
57369
12648
42531
42530
76910
76911
11511
51744
51745
70122
51212
80992
19500
21820
90760
57731
19690
90968
90967
90966
90965
90964
90963
90962
90961
09821
85221
88120
80991
42402
06250
42400
27323
57779
10915
10910
79198
93866
57009
57008
93861
21228
69129
60412
60414
60141
17689
57488
36702
57171
11734
86800
85356
85352
85350
96716
54479
48624
62360
70637
90829
80995
54870
33112
09510
54874
54876
60705
60706
09519
60703
90985
90984
12358
42660
90980
90983
90982
12352
57394
12351
57391
53871
57393
57392
33339
57697
09990
54610
54613
54612
70455
54614
54616
39647
54588
57954
45818
45810
48533
39648
33756
21420
57459
80305
09604
54278
54904
79349
54272
02702
54270
18310
54724
54720
54051
54722
03051
57967
38051
54294
62632
39500
54299
54298
45929
05872
17640
57827
18791
18792
62381
45921
27410
57828
18799
18220
54246
91809
33765
76101
76100
54122
54126
54124
03121
03127
03124
79321
14740
27520
79328
24262
15697
15694
90834
80895
47719
47715
79450
31402
95741
88421
03545
15437
16597
82134
82132
36410
36226
57608
79215
79216
19443
95820
19441
95822
95825
06646
88336
76858
51428
54342
24684
51427
51426
51422
24441
80815
95919
95918
95915
95914
95917
95916
39250
39251
95913
95912
73352
80811
12631
54062
12637
42520
06463
06462
06466
76922
76921
46926
76925
76924
65101
65102
51731
51222
51736
33762
94823
90978
09348
06262
06261
90970
94826
90972
80644
90974
32402
60399
60398
57764
57762
12745
12743
82262
10920
62256
62257
99334
57018
69134
45899
21785
57015
69130
69131
57010
57011
17690
17691
57818
17699
10702
42701
42702
57496
57497
36247
57498
57499
36715
36716
11726
11722
57164
80245
54468
70194
96808
33996
54462
54460
21369
46913
99242
54862
33100
33106
33107
54864
54865
90758
67051
42899
90782
42890
57387
57384
57385
57382
57383
57381
09708
70448
70449
15451
54602
70443
54601
70446
54607
54604
54605
57940
54598
57947
57948
57949
45802
45803
08764
08766
67273
67272
08769
45730
45731
57514
54260
54262
54264
54736
54732
85408
57510
03730
54285
54282
24302
15750
15754
99461
27402
45936
57833
03601
30102
45998
80994
54892
76445
90747
15539
45852
24491
47948
48576
80993
62358
45992
06720
80990
33466
47761
80997
47762
88435
18100
82121
82122
82123
24628
51331
67495
19750
79266
91803
91802
91801
91800
31302
91804
90742
95830
73501
95834
76845
19051
51434
51344
51346
62453
17610
92980
21590
95908
95909
95906
95907
95904
95905
95902
95903
95900
95901
73340
02740
82789
73348
82780
82781
12623
12629
21759
82303
82304
51231
51232
51728
19451
51720
98038
60380
60388
80654
57711
57710
57713
57712
57715
57714
57717
57716
57719
57718
12750
12751
10935
10930
82272
82273
16995
16997
16990
93888
57022
57021
57020
69144
11920
57276
60160
88260
82163
80251
27775
54822
11925
11713
11712
82101
21805
57625
57624
11719
57153
57620
57151
57150
05671
54459
54458
82104
96839
57442
54452
48357
54450
48351
54456
54454
46902
09741
99252
99250
99251
94050
54858
54852
54850
93731
70509
70508
70507
70506
70505
70504
70051
70502
70501
70500
18482
09719
05499
62726
09710
09716
85330
09714
24051
45839
48511
48792
53650
45836
45835
32400
08711
08710
08713
08714
36695
36051
54922
02760
85795
54926
57862
54702
15746
54700
54707
18669
54704
08533
54708
45907
45906
45901
33794
79125
57845
57847
57846
18240
70474
69140
36402
69143
70479
76439
03412
03410
76431
15529
76437
24201
24200
24202
12995
57908
47953
67390
62051
14727
30202
33499
76724
76051
76050
70650
57900
15418
36208
15415
15410
33132
15413
96827
79278
70499
79276
79275
88352
88357
91812
17777
15251
51404
90917
95931
54380
73403
73402
73401
16698
19739
51396
73404
51399
73408
32212
54164
12610
21800
33228
51242
51712
51246
51718
95807
24736
39120
95808
19882
15221
36610
16613
16612
60376
16614
57702
14707
57700
57701
57706
57707
57705
57621
57708
57709
12767
36752
57623
16299
82201
82202
51882
24341
21484
21901
21900
57520
14700
93890
69155
17678
17679
60110
17672
80222
24778
96838
82512
57140
57141
57142
14708
11700
57145
57630
57631
46932
21341
57449
96822
91857
53711
53713
53712
57863
45740
36198
36462
60590
33120
54842
54844
54846
80680
57030
57031
80135
85414
80136
48504
48505
48506
45827
45820
45821
45823
18474
45828
45829
21372
46903
62447
53622
53625
36997
36995
54934
54936
18875
08707
18879
08708
21356
54444
54446
03762
46904
54442
05395
54448
80354
18618
54718
48766
48769
18615
54712
45913
62661
85261
62190
33780
33782
57858
79176
96836
57857
57855
70460
33302
70465
09721
03620
33658
18902
03402
88605
18051
17754
76420
76427
30302
03390
03391
54158
57957
18290
17807
17806
54152
57430
62268
03713
76735
06708
47981
57436
47982
06700
06702
06704
57438
15392
15462
15465
15395
79244
79241
70503
79249
70050
91869
88349
51414
36595
51410
85781
85726
95924
95925
95926
95927
95920
95921
95922
39200
95928
95929
47747
54206
47744
88901
85729
06900
51384
51386
32200
51383
86375
82323
12604
12605
88762
69165
51704
51257
51254
11390
57128
95810
24727
95812
24722
95818
79360
82474
98012
12776
12773
60366
73253
45831
27367
57737
57733
06051
45987
51899
82212
17638
82215
57284
51876
16264
36217
33758
21120
65402
80230
90805
47901
90833
82506
57609
82505
82502
85310
57603
57602
57601
57600
42595
96783
57604
90775
21355
53708
48373
46929
53700
05650
36220
57191
24688
57197
57194
80321
53831
90789
42622
70201
79800
79803
57517
57516
57515
10601
57513
57512
57511
10605
80695
90960
57519
57518
45850
45853
54890
45854
54894
48579
45858
54515
57999
57958
21599
62456
53630
62455
57997
54518
62450
70381
27051
70385
54944
54948
18869
08733
08730
80348
54432
90738
54438
80323
80344
15891
15895
15745
48795
18603
48797
18601
54764
48793
54766
05837
05834
05833
05832
48405
24422
05838
98127
79104
99452
09734
54388
70495
54386
70497
70496
36149
70490
54381
70492
76386
03700
18732
18733
54160
15090
76389
54365
14706
14705
14702
54362
54368
03363
03362
09932
76709
76708
76701
76700
76707
76706
76705
54240
47996
15385
15386
15381
15383
47998
08998
08997
08996
54166
79251
79252
79254
79255
79257
85881
15637
76411
76419
06600
06607
91873
88374
11930
88371
03210
76892
15075
36315
27756
57271
47752
79492
79490
79491
