73399
96782
73392
73465
19716
73395
19714
54162
57929
85794
51264
51262
82198
82449
92879
36602
82441
24718
82447
19402
92871
32300
92897
60358
92891
92890
92893
92892
60351
92898
60355
57729
82222
82221
57720
57721
57722
57723
57724
88398
54738
16597
57290
17655
57293
21105
57295
60131
57297
57298
17659
36202
16250
54513
80595
80208
47889
57614
57615
57616
57617
57610
42051
57612
57613
90826
90827
90824
90825
57618
57619
85320
82532
16385
76430
11731
11761
82104
96790
96791
10708
57478
57479
95799
53733
95796
10701
11732
57470
95791
96810
90792
57184
57186
21610
57182
42632
57500
57501
57502
21292
57505
57506
11611
57508
57509
80110
85436
53607
45843
53605
53604
54888
48564
53600
54886
48569
54880
04602
53609
53608
62402
27995
46860
46864
46867
46866
70393
70391
70397
54954
21721
54958
08723
54422
99190
99193
09122
12231
99194
54424
12232
48368
85508
54778
09050
33211
54776
54777
48781
57870
57871
98151
57874
57876
57878
57879
48415
95774
82192
95771
54398
70488
48095
70486
70484
54396
70481
54170
54172
76394
76395
54176
54178
54376
15669
54372
79394
79397
79396
15662
54378
15664
99734
62241
94832
62247
94837
33895
94839
94838
76718
33896
18637
18636
67103
67101
15446
67361
15441
15440
33112
33114
21737
33111
92896
76406
76407
76050
79710
76887
88623
06615
80391
88363
76888
88367
03206
51470
03202
82051
51478
90748
85981
27762
90986
66501
66502
98166
54304
73474
54402
06100
04980
82455
88499
82450
91844
91843
19412
57392
82186
73270
09851
32312
88399
92886
12711
92882
92883
12714
85701
12718
27725
82230
82232
80641
82235
82989
54611
19700
19702
21112
21110
21111
54998
16711
11756
11754
11753
39646
80210
80211
90817
51104
57954
51102
11590
82522
57408
57951
17657
21606
57294
85198
24892
85424
80100
57296
36303
80108
80109
79349
10620
57958
53610
57314
33448
36497
36495
45877
53619
04612
09222
45872
48551
09221
95757
46870
17755
17754
05589
95756
90941
90940
45789
18842
18843
18845
53724
36786
90942
36835
53721
53723
54416
54414
54412
54410
70345
70340
70342
54988
57889
57888
57884
57887
48420
48135
57880
57882
30402
47894
95760
95761
95768
95769
18447
02652
21373
76365
54184
76360
76363
79383
09912
54340
79384
54344
03343
79389
03345
03344
45895
94823
45897
45896
45891
62259
45892
62255
62256
62257
62250
62252
02701
54746
54744
54742
33997
54740
33998
03744
03741
03740
18646
15453
15454
15456
90822
67373
03350
85748
24392
24391
24390
54722
02900
98000
79705
31202
79701
33202
98168
45950
18764
27774
03232
03230
54190
57754
15296
15295
15292
62141
15050
06820
57753
82144
88951
88950
98214
69101
98210
82426
98212
95797
10702
80311
90976
18795
19600
51912
16897
57472
12729
12728
12726
12724
57970
85241
90977
98184
57824
27390
19770
69153
91885
82732
21127
21126
57274
21124
21122
21120
51828
90801
53998
36220
73407
60241
51824
16725
11741
11742
11744
85743
33232
16698
69151
51132
82888
51134
33234
82885
57418
57410
57417
03750
32100
32103
32102
60791
21630
12100
45986
69195
33332
62400
57304
09218
57300
57301
45861
45862
45864
09214
24370
21257
21256
21700
16850
21259
57099
45792
54970
33051
60469
57051
36795
12215
48305
09455
09106
09105
70643
54405
09101
54996
54994
85706
18549
69176
70350
57507
18540
15845
99406
99405
99151
57898
99400
57892
57890
48125
95753
95752
05688
05689
51710
33456
18432
33451
15603
15602
15605
76378
57985
54196
18760
54192
76373
76370
45841
27555
27556
48051
54354
57980
54352
76773
45882
57982
76774
94818
76778
76779
94813
94811
94810
54752
54754
54758
85852
03755
90969
03534
67301
02801
76511
67306
54550
15110
15112
17997
79281
95702
95703
15599
79730
47831
47830
27705
51452
36201
90880
79354
79357
31107
31102
19882
88940
31108
57957
51050
51051
93751
82440
39390
08722
65202
19617
90858
19612
19610
53622
16612
12730
12731
12733
12734
73051
88612
70451
85506
73450
19760
24615
85051
57799
60499
98128
85501
57703
57791
57790
57241
57792
57795
57700
04635
57796
90873
42799
42798
90879
60257
51831
42792
60250
42790
82894
82895
45870
82892
57705
06300
57642
11792
82542
51122
21624
99234
16822
33350
11795
80495
85443
90904
90906
02252
90900
02250
02251
85281
33213
27217
57333
57330
57337
57336
57338
73499
48205
15712
93804
93807
21242
21240
21241
54775
93809
39803
39802
60474
60472
60470
60471
80384
27357
57424
57423
48338
70101
09445
48332
57429
57428
45745
48440
45741
70366
70365
70364
48448
45749
54212
99410
57635
31105
31106
08640
09204
54500
18421
54505
90720
09202
54506
54509
15610
21902
15617
15615
57131
15618
15619
85395
54324
54327
54326
94808
57934
67170
57931
57930
57933
57932
94800
94801
48599
62231
57939
57938
94807
57971
03302
36610
15853
18390
15859
67319
67316
67317
79294
90957
86711
17677
54250
14699
14815
90954
95821
14814
15589
95822
79504
79506
76238
79503
03251
03250
03252
54392
85780
79347
79345
70480
79340
16685
08200
06802
06800
76390
90724
11344
11345
16682
82399
88998
88441
06799
88442
15322
15321
90958
36787
85602
19620
98149
88198
82436
57634
88667
15239
57611
57143
76830
57144
57633
24623
51482
82719
24627
51338
51335
51336
51331
19752
19750
16741
17619
57788
15237
16745
51802
57782
57783
57780
57781
57786
17615
57784
57785
12051
90863
88061
24231
60262
60264
82572
12690
82374
10831
10830
82372
57352
94830
85380
85385
69135
27792
96826
53886
53888
57459
57800
24767
42300
06200
95911
57802
90912
80151
95910
21268
57258
21269
05772
05773
21270
93812
39810
05571
60447
60446
60448
21261
48328
57431
57432
57434
57435
42760
57437
12271
21881
36595
45752
48105
48454
45751
54206
54204
08781
54202
70371
09871
09302
79165
21470
95733
95732
54512
48215
90734
48217
85121
90733
54515
70208
54518
90739
18984
03330
18980
60599
62205
54332
54330
54334
57926
05795
57923
76750
48587
57928
12735
14832
85419
36608
86700
86701
18340
18345
18348
45959
82312
90945
62110
66307
36295
33894
18746
18745
33897
76350
33892
33893
33898
79198
45824
45825
76221
54238
27728
03240
15559
86675
79372
67323
05898
06810
85736
67329
45984
96842
79400
66050
66051
73100
73101
82389
82385
88451
24740
15312
19101
24744
15319
93770
82142
82416
82141
91889
91888
51736
91887
91886
69001
88184
57798
69002
96841
76826
76824
76825
76820
27100
90731
51499
51328
19740
51324
51322
57793
51814
67211
17603
57794
57797
57522
80705
08706
57523
82562
90979
06363
06361
11796
06364
82362
27216
60051
21640
24101
57139
57138
96703
96702
57135
57134
57137
57136
54760
57130
57133
57132
98094
85850
90974
57374
80635
90926
90925
90975
11465
51834
57227
57226
57229
57228
60251
03900
85484
85482
85480
57351
57350
57353
42101
57355
57357
93821
93827
93826
32200
05540
21260
11935
70160
54524
60453
42752
95712
54520
42201
42200
42203
42202
05891
45760
05897
48468
05899
09861
45985
54230
45983
45980
42997
42996
42990
48764
42999
42998
53788
95722
95720
95721
95726
95710
95725
90703
90701
90700
54838
90705
54527
18402
54836
54830
54832
70415
54306
18994
70416
18992
54302
18990
54300
54710
88051
70419
70418
54308
05434
15637
57911
39600
39606
99761
54788
18578
54786
54784
76780
15121
15122
33228
57521
17654
54012
48710
48712
16722
45965
47805
24358
45960
45826
47803
24352
24357
24355
62103
69134
18752
18757
18759
69136
76270
15549
86601
57383
15494
54242
67332
66203
15498
66204
79411
06779
51799
51796
06777
51792
54342
82172
91898
15302
15303
95865
95867
19484
88642
88641
95868
82282
11490
90708
27111
76814
06995
51312
39051
24644
60200
60202
33889
60206
32400
73315
11783
90840
19799
90902
90844
90845
76786
57162
82599
76785
82592
19640
82355
27205
91820
57698
57699
18995
57129
57126
57127
57696
57125
57122
57123
57120
57121
90934
90935
90936
90937
90931
90932
90933
42698
42699
90938
90939
80602
03392
57232
57233
57230
57231
57236
57235
12781
85251
12784
18290
17777
57349
57340
57347
93836
60429
18723
36757
80511
82305
60424
02513
80283
80281
42744
48478
45999
14828
96809
27454
45990
09322
05888
70311
80997
48475
48476
45997
95716
95715
46950
62590
48676
48675
21329
96843
96840
95718
11929
90718
11920
09524
54824
54822
11925
54820
90713
32310
54312
54314
27591
54316
70401
54318
18213
38710
54790
54792
18698
54798
39612
39613
54224
54220
02730
54222
21366
15802
15801
85811
15150
76798
76794
76795
57986
76790
76791
95866
48706
48703
48700
90755
45976
45977
27445
33104
45970
66320
62175
69160
45978
45979
76332
21320
88635
76337
90808
76339
76241
88505
76245
47981
15579
79318
79311
47901
47900
79317
47902
85310
47721
47720
47722
90782
51788
57386
82162
93716
51782
57983
12201
79222
85716
54608
82292
88898
54218
73495
51302
27791
15465
76800
76801
76802
24658
24659
54603
16778
54601
11821
16662
19784
18551
19781
80726
90823
82585
82580
19656
19655
82344
82345
82342
82343
57118
21660
57112
57110
57117
46721
80614
57948
90943
80617
57989
90944
90947
90946
90949
90948
16311
80618
80619
67330
21997
57599
57598
57597
57596
42426
11683
12799
57208
12792
12793
12791
57751
57750
12794
57752
21765
69106
57571
57570
69102
80180
36662
96709
98185
93848
98187
98186
98181
98180
98182
21200
21201
98189
93846
09402
60438
80051
36726
60433
60437
02500
57632
90893
90890
80294
90896
90894
42731
90956
90899
90898
42735
80664
54496
85758
62347
62344
45701
62348
90955
54498
46944
46945
95704
95706
99102
99101
05631
05630
18422
11910
57377
57376
54818
42640
42643
57370
90721
54810
90765
48240
48026
70430
70435
14788
14786
90722
18202
85785
05982
62767
04644
18817
57974
57976
33771
15819
18510
54252
70323
54254
70321
33776
54258
15812
15813
80989
15817
76349
27520
15780
15781
48731
24332
48736
21801
18332
45942
57807
45940
57801
45946
45945
45944
76494
86595
57808
76491
62165
79168
76307
76306
76305
76304
76303
76301
76474
76472
57749
76479
54104
54106
15569
54102
24484
03101
54108
95921
14761
62010
98174
95923
57430
79301
79307
88402
88405
98207
98204
82112
82114
98202
98203
24799
24793
24792
24797
24795
24794
79232
76271
79231
79239
95843
57935
92814
57307
90921
98209
15214
08801
15213
15210
51376
76872
88791
98195
94802
19201
06400
73372
73375
76901
76900
76903
88221
88223
12657
82338
51757
98198
19666
82333
82332
82334
51202
79892
79893
85719
16899
19722
96736
21832
90952
90953
90950
90951
19681
19680
19683
19682
21051
90959
19689
11695
36618
82241
57748
82242
57746
98171
57212
57745
57742
98206
21236
69114
98205
69112
69113
69110
98201
98208
21238
98194
60404
60402
98190
60400
93853
93857
93854
90747
09435
02530
57104
57106
57100
57101
57102
80264
90887
57108
57109
54480
54486
54487
54488
45711
21301
21300
48382
54804
60711
54800
96710
80261
85340
57362
57363
57364
53689
57367
57368
09502
80405
90774
48257
05997
70428
57503
70424
70425
54666
33340
70422
70423
36490
94706
94702
94701
57969
57962
57963
57960
57961
62484
57965
02713
80314
70332
02710
09345
33767
02715
57622
70339
54248
08745
33446
24321
09220
54062
54063
54061
48721
54064
48723
76488
57817
62391
62390
57810
62399
62398
57818
76487
76318
67505
67051
67275
76465
76462
76460
67272
80502
76469
15519
03116
03445
24492
79337
79336
14774
14775
15998
15997
15990
94899
88413
24784
82103
15355
82101
15423
80622
15359
33444
15199
88252
76260
79202
67475
79207
76265
79204
76269
91600
91825
91824
11782
95852
54962
60367
90842
24671
15221
24673
24675
57990
73148
80730
88432
60231
19211
88435
57369
73363
12648
51172
76910
76911
80993
51744
51745
70122
51212
80992
19500
21820
90760
27227
57731
19690
90968
90967
90966
90965
90964
90963
90962
90961
90960
85221
88120
80991
42402
06250
42400
57779
10915
10910
18232
93866
93863
57008
21228
69129
93869
60412
60414
33342
60141
17689
57488
36702
57171
46705
46700
46701
85358
86800
85352
85350
96716
54479
48624
62360
54470
90829
80995
54870
54872
09510
54874
90740
60705
60706
60701
60703
90984
12358
42660
90980
90983
90982
12352
57394
12351
57391
57390
57393
79343
33339
57697
09990
54610
54613
54612
70455
54614
54616
39647
54588
95765
57953
57692
57445
45811
48530
57959
39648
33756
21420
09604
54904
54906
54272
02702
98089
18310
54724
54051
18641
88326
03051
57967
38051
54294
62632
39500
91807
48752
54299
54298
45929
05872
57827
18791
62381
45921
57828
18799
45926
18220
51878
54246
91809
76453
95831
33765
76101
76100
17791
54122
54126
54124
03121
03127
03124
14740
79325
79328
24262
15697
15694
80895
47714
47715
79450
31402
95741
03545
15437
15346
82134
82132
57609
36410
36226
57608
18715
76294
79217
19443
95820
19440
95825
04801
04800
76855
76853
76850
88336
51428
09911
24684
51427
51426
24681
79380
51422
24441
80815
95919
95918
95915
95914
95917
95916
39250
39251
95913
95912
80811
12631
88205
06463
06462
06464
06466
76922
76921
82314
46926
76925
76924
65102
51731
51222
82489
51224
33762
76760
90978
09348
06262
06261
60390
90970
90971
90972
90973
57448
32402
60399
94827
57764
57762
12745
12743
12742
82262
10920
99331
93871
93873
99335
69139
57018
99336
57016
93879
21785
57015
69130
69131
57010
57011
17699
45810
82789
42701
42702
57496
57497
36247
57498
57499
11726
11723
57164
54468
70194
96808
33996
54462
80515
54460
21369
21499
99242
54862
54860
33101
33106
33107
54864
90758
90759
54868
42899
45696
42890
57387
57384
57385
57382
79803
57381
62736
70448
54609
18491
76508
54602
70443
09702
54606
54607
54604
54605
57940
57942
57946
48529
45806
57949
45805
54596
45800
45801
08764
08766
08769
54268
18819
57514
80335
54260
54262
54264
54265
54736
54734
54732
57510
03732
03730
54285
54282
24302
15750
15754
45938
45939
99461
27402
45937
45934
57833
03601
02600
02602
30102
45998
47891
76448
47896
45850
80999
15539
33124
24491
48576
82492
14822
62358
45992
47769
15689
06720
80990
33466
14777
47761
47763
47762
90744
18100
82121
82122
82123
24628
27051
19753
79269
79268
67495
79260
51332
79267
79266
91803
91802
91801
91800
31302
91804
90742
95830
73501
57789
76848
57991
53631
19051
51434
51344
51346
17610
92980
21590
95908
95909
95906
95907
95904
95905
95902
95903
95900
95901
02740
73433
73348
82780
12623
12629
82303
82304
51231
51232
51728
19451
51720
98211
98038
60380
73230
57711
57710
57713
57712
57715
57714
57717
57716
57719
12757
12750
30302
10935
10930
82272
82273
16995
16997
16990
93888
57023
57022
57021
57020
69144
90714
60160
88260
82102
82163
80252
27775
90710
90711
11712
21803
21805
57718
57625
57624
11719
57626
57153
57620
57623
57150
05671
54459
54458
24782
96839
96838
54452
48357
96834
48351
48350
54454
21372
09741
99252
99250
99251
80430
94050
27592
54858
54852
93731
70509
70508
70507
70506
70505
70504
70051
70502
70501
18482
54762
05499
62726
09710
09716
09714
24051
45833
48511
48792
48517
45836
45834
08711
08710
08713
08714
21770
36695
36051
80324
54922
02760
85795
54926
80322
15745
15746
54707
54705
54704
54708
45906
45905
33795
33794
45909
45908
57845
57847
57846
18240
70471
69140
36402
69143
70479
79206
03412
03410
15529
76267
47882
24201
24200
24202
12995
57908
67390
62051
14727
30202
33499
76051
79051
70650
57900
06714
15418
36208
15415
15417
15410
33132
15413
96827
79278
79276
79275
91814
06663
06665
70496
15251
51406
51404
24341
80624
57947
95931
95930
24425
73403
73402
73401
18859
19739
51396
73404
51399
32212
54164
12616
80150
12610
51242
51712
51246
51718
95807
39120
95808
19883
19550
19885
16613
73240
16615
16614
57702
11411
12769
57701
57706
57707
14706
57621
57708
57709
12767
36752
16299
82201
82202
51882
14702
21484
21901
21900
57520
15659
93890
69155
17678
60110
17672
80221
14708
85261
24778
82512
57140
57141
57142
03362
11700
57145
57630
57631
33100
57454
57455
46932
21341
57449
96822
91857
53711
53713
53712
57863
36198
36462
54849
60590
33120
54842
54844
54846
57030
57031
80684
80135
80136
48504
48505
48506
48507
45820
45821
45822
48503
18474
48508
17706
17705
62449
46903
53620
62447
62446
36996
36997
36995
54936
18875
08707
18879
08708
54938
21356
54444
54446
05391
46904
54442
05395
21375
54448
36759
54718
48766
54714
48769
18615
45910
45911
45912
45913
33788
33785
33780
33782
09812
57858
57859
96836
57857
57855
70460
33302
09724
70465
03620
18902
03402
88605
18051
76420
76426
76425
03390
03391
54158
15649
15648
17806
54152
15646
15640
62264
62262
03713
76737
76732
15451
57436
06700
06702
06704
57438
15462
54456
15464
79244
79242
70503
79249
03762
91869
88349
51410
85781
95924
95925
95926
95927
95920
54208
95922
39200
85724
95928
95929
27742
88905
47744
88901
45840
51388
06900
19726
51385
51380
51382
32201
86375
82323
12604
12605
88762
69165
51704
51257
11390
57128
80994
95812
79360
82474
98012
12777
73252
73253
42444
45831
27367
45830
57737
53650
57733
06051
45987
51899
82212
17638
82215
57285
17639
57283
96781
16467
51876
16264
60109
36217
57271
65402
80230
85314
90805
90834
90831
90830
90833
90832
82506
14700
82505
82502
47903
57603
57602
57601
57600
57607
96783
57604
90775
21355
53708
06600
46929
53700
05650
57191
57190
57197
57194
53831
90789
42624
85211
70201
45697
79800
45695
57517
57516
57515
10601
57513
57512
57511
10605
80695
80691
57519
57518
45851
54892
45853
54890
45854
54894
48579
16865
18418
57999
21599
62456
57992
53630
62455
57997
62453
62450
70381
93711
54944
54948
18869
08730
54432
54438
80341
15891
15896
18603
48797
18601
54764
48793
54766
05837
05834
05833
57862
05830
48405
80900
57276
09801
98127
79104
99452
70499
54388
70495
54386
70497
54384
54381
70492
76386
76385
03700
18732
18733
54160
15090
76389
18739
14707
54364
14705
54214
54360
54362
15652
54368
03363
15651
94840
94841
09932
27565
54338
27566
76709
76708
76701
76707
76706
76705
54240
47996
15385
47998
08998
57009
08997
08996
54166
79254
85881
76143
76414
02510
06607
11930
88370
03210
76891
15075
36315
27756
27752
27753
79492
79490
79491
