96782
19716
73395
19714
54162
57929
21630
51264
51262
51261
82198
92879
36602
82441
24718
92873
19402
92871
32300
92894
12703
60358
92891
92890
92893
92892
92898
57729
82222
82221
57720
57721
57722
57723
57724
88398
57290
17655
57293
57294
57295
60131
57297
57298
57299
36202
52399
45928
52390
52391
80208
57614
57615
57616
57617
57610
42051
57612
57613
90826
90827
90824
90825
57618
57619
85320
82532
16385
11731
11761
82104
96790
96791
10708
98244
57479
95799
53733
95796
10701
57477
57470
95791
53734
69160
90792
57184
57186
57182
42632
57500
57501
57502
21292
57505
57506
11611
57508
57509
80110
85436
53607
45843
45840
53604
54888
45847
48564
53600
48569
54880
54881
53609
73499
27995
46860
62467
46867
46866
70391
70397
54954
21721
70398
08723
08724
54422
85506
99193
09122
12231
48361
85501
12232
48368
85508
54778
15869
09050
33211
54776
54777
48781
57870
57871
57874
57876
57878
57879
48414
48415
48412
48413
09835
48411
95774
82192
95771
82447
54398
48096
70488
48095
54390
54391
54392
70485
54396
70481
54170
54172
76393
76394
76395
54176
54178
54376
15669
79394
79396
15662
03370
99734
62241
94832
62247
94834
94837
33895
94838
76718
33896
18637
03770
67103
67101
67362
15441
15440
15449
33112
33114
33898
92897
85121
76404
67211
76409
18748
45998
76887
88623
76882
06615
80391
76888
88365
88367
03206
51470
03202
80595
82051
51478
90748
85981
27763
31107
66502
54304
73474
54400
70641
54402
06100
04980
82455
80411
88393
57390
82188
91843
80230
11756
82186
24703
73270
09851
32312
19365
88399
90714
12711
92883
12714
70352
12718
82232
70350
82989
88389
19704
54611
19700
19702
70453
21112
21110
21111
54998
51856
16711
39647
11754
11753
11752
39646
80210
90817
51104
51102
11590
57953
82522
57408
90710
99152
57407
17657
21606
21604
85198
24892
80106
90711
80100
57296
57986
36303
57892
85429
48530
10620
91739
57958
57314
33448
36497
53615
57313
45877
53619
04612
09222
45872
09220
09221
24292
95757
46870
17755
17754
05589
95756
90941
21738
90940
18842
18843
54962
90942
36783
53721
53723
54416
54414
54412
54410
70345
70340
70342
54988
57889
57888
08722
57884
57887
48420
48426
30402
95765
95760
95761
95768
95769
18447
21373
76365
54184
76360
76362
79383
79380
54340
54346
80811
79389
03344
94822
76760
45896
45891
94827
45892
62254
94799
94828
62257
62250
62252
54272
54746
54742
33997
54740
03747
33998
03744
03741
33228
15451
15453
15456
90822
67371
67373
03350
85748
54051
24391
24390
02900
98000
79705
31202
79701
76211
33202
54192
98168
06620
27774
03232
03230
27770
54190
98166
15296
21374
15295
15292
51442
57756
15050
06820
57753
88951
88950
69101
82427
82428
69102
95797
10702
80311
36492
18795
19602
16897
57472
12729
12728
12726
12724
85241
16612
27390
19770
69153
82732
21127
21126
57274
21124
73401
60480
51828
90801
53998
36220
73407
16720
60241
51824
16725
11741
11742
11744
85743
33232
16698
69151
51132
82888
51134
82881
57418
57419
57410
57417
03750
32100
32103
32102
60791
60790
12100
69194
33332
57307
57304
09218
57300
57301
45861
45862
45864
09214
24370
21257
21256
21703
21702
16850
21259
45792
60467
54970
33051
60469
08602
36792
57051
36795
12215
48305
09455
09106
09105
70643
18764
54405
09101
69175
54996
54994
18549
69176
54990
57507
18540
15845
99406
99405
99151
57898
99400
10500
67306
48126
57890
48125
95753
95752
05688
05689
16991
51710
05681
33456
18432
33451
15603
15602
15605
76378
54196
18760
18765
76373
76370
45841
27555
27556
48051
54355
54352
76773
45882
85794
76774
76778
76779
94813
94811
94810
54752
33234
54758
85852
03755
17997
90969
08605
03534
67301
02801
76511
04602
54550
15110
15112
08534
79289
79288
95702
15591
15593
15592
15594
15599
47831
47830
47832
76202
27705
98225
51452
36201
76198
05631
05630
79355
79354
31106
79356
79350
31102
19882
88940
31108
57665
57957
51050
51051
82434
93751
82440
39390
33791
54958
65202
19617
90858
90856
12730
12733
12734
73051
88612
70451
73450
19760
24615
85051
57799
60499
98128
69141
11411
57791
57790
60492
54425
57795
57794
04635
57796
76380
42799
42798
90879
60257
51831
42792
51834
42790
82894
82895
45870
54810
82892
88051
06300
57642
11792
82542
51122
21623
99234
33350
80495
85443
90904
90906
02252
90900
02250
02251
85281
33213
27217
11643
57333
57330
57337
57336
57338
48205
93804
93807
21242
21240
21241
54775
93809
39803
39802
60474
80383
80380
27357
57427
57424
57423
57420
70101
09445
48332
57429
57428
45745
48440
45747
45741
70366
70365
70364
48448
85394
45749
45748
11823
54212
99410
48686
98249
31105
95740
95741
09204
54500
18421
54505
48410
09202
57523
54509
98240
15610
21902
15617
15614
15615
57131
15618
15619
76347
76346
54328
05410
85395
80830
54324
54327
54326
94808
57934
57931
57930
57933
57932
76747
94801
48599
57939
94806
76740
57971
36610
15853
18390
15859
67319
67316
67315
79294
79293
79298
33771
54250
27565
14699
14815
95821
14814
95822
33777
79504
79506
54256
79503
03251
03250
03252
85780
70480
79340
06802
06800
76390
90724
76392
95907
11345
16682
82399
82396
88998
06799
15323
90958
19626
88198
88665
57634
88667
76834
57143
48732
57144
57633
24623
51482
51335
51334
24628
19753
19752
51332
17619
57788
57789
16745
51802
57782
57783
57780
57781
57786
57787
57784
57785
12051
90863
90866
36618
88061
79398
90869
57453
82572
12690
82374
10831
54378
82372
90722
94830
95703
85380
57807
96826
53886
94835
57459
42300
06200
95911
90914
57802
90912
95910
52590
21268
57258
21269
62427
05775
93815
93812
39810
05571
60441
21261
48328
57431
57432
57434
57435
42760
57437
12271
80530
21881
21301
48450
48451
45752
48105
54208
48455
54206
54204
08781
54202
70371
09871
09302
62334
54595
21470
95733
95732
54513
90734
54516
90733
54515
70208
54518
18411
90739
18984
18980
60599
15623
57611
54332
54330
54334
76758
57927
05795
57923
48587
57928
12735
80680
14832
85419
36608
86700
18340
18345
18348
03791
82312
90945
62110
66307
36295
24365
36746
76354
18746
18745
33897
33892
33893
76358
79198
90944
04621
76225
76221
76223
45760
27727
03240
27724
67323
09861
06810
66230
45984
96842
79400
66050
66051
73100
73101
82389
02701
82385
88450
88451
24740
15312
19101
15317
15319
82142
82416
82141
91889
69001
88184
57798
19325
76827
53622
76820
27100
51499
51328
19740
51324
51322
57241
57792
51814
17603
17602
57797
57522
80705
08706
82562
90979
06363
06361
11797
11796
06364
06365
82362
27216
60392
60051
21640
24101
57139
57138
96703
57135
57134
57137
57136
54760
57130
57133
57132
98094
85850
54444
11663
11661
90974
57374
80635
90926
90925
90975
11465
90976
57227
57226
57229
57228
90977
85261
85484
85482
85480
57351
57350
05395
57355
57357
93821
93827
93826
05540
21260
11935
70160
54524
60453
54520
42201
42200
42203
42202
05891
54238
48468
05899
05898
85736
54230
45980
42997
42996
42990
48764
42999
42998
53788
95722
95720
95721
95726
95725
90703
90701
90700
03900
90705
18610
54527
18402
54836
54830
54832
70415
54306
18994
70416
18992
54302
18990
54300
54710
70419
03302
54308
05437
05436
05434
27582
15637
39600
39606
99761
45912
54788
18578
54786
54784
76780
15121
15122
57521
17654
54012
48711
48712
24794
16722
98229
45965
47805
05438
47803
66336
66335
66334
66333
66332
66331
62103
69134
18752
18753
76327
69135
76328
69136
66501
76271
57859
98222
98223
45730
57383
15494
54242
79369
79367
79362
66204
93766
51799
51796
06777
51792
51791
54342
82172
82171
91898
15302
15303
85705
95865
95867
95866
95868
82281
98242
11490
90708
27111
76814
76819
98243
06995
51312
09728
24644
60200
60202
33889
60206
32400
16764
73315
11783
90840
19799
90902
90845
76786
57162
82599
51172
85701
98241
27205
27202
91820
96714
57698
57699
18995
57129
57126
57127
57696
57125
57122
57123
57120
57121
90934
90935
90936
90937
42697
90932
90933
42698
42699
90938
90939
11675
80602
03392
57232
57233
57230
57231
57236
80245
57235
85251
18290
17777
57349
57340
57347
70201
93836
80515
36757
80511
82305
98245
02510
02513
60426
80280
42744
48478
45999
80999
96809
27454
45990
09322
05888
70311
45994
80995
45997
21325
95716
95715
24358
46950
95710
21329
96843
96840
95718
11929
90718
24352
02421
09524
54534
54535
54820
90713
54310
32310
54312
54314
54316
70401
54318
24357
18213
38710
54790
54792
18698
57900
39612
39613
54224
54220
54222
15802
15801
85811
15150
76798
76794
76795
08340
76790
76791
76792
76793
48706
48703
48700
18759
15799
90755
66328
48497
33104
45970
45971
66320
66321
66322
66323
66324
66325
66326
66327
21320
88635
76337
90808
79176
79170
03260
92880
57980
76242
88505
76245
36395
67329
79318
79311
79315
47900
47903
47902
47721
79424
90782
51788
57386
82162
82163
82235
57983
12201
79226
79222
85716
95872
95873
54608
82292
54609
57392
88898
54218
73495
51302
76804
15465
76800
76801
76802
24658
24659
54603
24650
24651
24657
16778
54601
11821
16662
18551
98250
90823
82335
82585
82580
36780
19653
19656
19655
82344
82345
82340
10801
82342
82343
57118
57112
57110
57117
52410
46721
80614
57948
90943
80617
57989
80611
90947
90946
90949
16311
80618
80619
21997
57599
57598
57597
57596
11683
11443
12799
45800
57208
12792
12793
12791
57751
57750
12794
98217
98216
57571
57570
57572
80180
96709
98185
57635
98187
98186
98181
98180
21200
21201
98189
93846
09402
80502
80051
36726
60432
60430
57793
90950
02500
57632
90951
90896
90895
90894
42731
90956
90898
42735
90957
24231
54496
85758
54494
62347
62344
45701
21400
62348
90955
46944
46945
95704
95706
99102
99101
48395
48394
18422
11910
88499
57376
42647
42646
42640
42643
57370
54813
90721
09535
90765
90767
48240
48026
70430
70437
14788
14786
70438
18202
57662
05982
94739
54914
04644
57970
57974
57976
14817
15819
18510
54252
54254
70321
02721
54258
15812
15813
80989
14819
08200
76349
15780
15781
48731
48736
21801
18332
45942
47860
57801
57800
45944
76494
57808
76490
76307
76306
76305
76304
76303
76301
76474
76340
76472
57749
76479
76478
54104
54106
54738
54102
03101
54108
14761
62010
98174
95923
79302
79301
88402
88405
88404
82112
82114
82116
24799
24793
24792
24797
24795
05418
79236
79230
76270
79238
95843
57935
92814
90921
57703
98209
08805
76878
15214
15213
15210
51376
76872
98089
88791
94800
60404
94802
06400
73372
73375
12658
76901
76900
76903
88221
88223
51757
98198
19666
82333
82332
51201
51202
79892
79893
85719
16899
96736
21832
52402
85426
52400
90952
90953
57622
19686
19681
19680
90954
19682
21051
90959
19689
85421
11699
11696
11695
67474
11690
11691
82247
82241
57748
82242
57746
98171
57212
57745
57742
98206
21236
69114
98205
69112
69113
69110
98201
98208
21238
60407
60157
93859
60402
60400
93853
93857
93854
93855
90747
09435
21599
57104
57106
57100
57101
57102
57108
57109
54480
54488
45711
46971
46975
46974
48383
48380
48381
54804
60711
54800
96710
90880
85340
57362
57363
57364
53689
57367
57368
09502
80405
90774
48257
05997
70428
57503
70424
70425
54666
33340
70422
70423
36490
94706
94702
94701
94700
57969
36495
57963
62484
57965
02713
80314
70332
02710
09345
33767
09611
05748
70339
54248
08745
08743
08741
33446
24321
85602
24640
48724
54063
54061
48721
48723
76488
57817
39051
45959
57810
79723
62398
57818
76487
76318
67505
67051
76465
76462
76460
67272
90720
76469
03116
03445
24492
03442
15689
79335
14775
79332
15686
15998
15997
15990
94899
88413
82102
82103
15355
24787
15423
04900
93731
33444
15199
88252
76260
67475
79200
76265
79205
76269
91824
11782
91822
95852
18845
90842
24671
15221
24673
24675
08810
82744
36835
73148
27782
57997
19211
88435
90772
17677
57369
73363
12648
98235
76910
76911
80993
51744
82323
70122
51212
80992
19500
21820
90760
27227
19692
19690
90968
90967
90966
90965
90964
90963
90962
90961
90960
88124
85221
88120
80991
42402
06250
42400
27323
86450
57779
10915
82253
10910
18232
98233
93866
98230
57009
57008
80990
98234
21228
69129
98238
60412
60142
33342
60416
60141
57480
57488
36702
57171
11734
46700
46701
85358
86800
80276
85352
85350
54479
62360
70637
33111
54870
54872
09510
54874
90740
60705
60706
60701
60703
90985
57694
12358
42660
12352
57394
12351
57391
53871
57393
79343
33339
57697
09990
54610
54613
54612
70455
54614
54616
94718
54588
57954
48539
57692
57951
85793
69003
45811
54584
57959
39648
33756
21420
09604
33758
54904
79349
54901
54900
02702
90931
18310
54724
18645
18640
18641
03051
57967
38051
62141
62142
39500
91807
48752
54299
54298
57823
05872
57827
18791
57824
45921
27410
57828
18799
45927
45926
18220
65402
54246
91809
76453
95831
33765
76101
76100
17791
54122
54126
54124
03121
03127
03124
79320
11344
14740
27520
79328
24262
15697
15694
90834
80895
47719
47715
79450
31402
03545
15437
16597
15348
82134
82132
36410
36226
98151
76364
79212
19443
95820
19440
04801
04800
76853
36326
06646
06640
24752
15239
09911
24684
51427
51426
24681
09912
51422
24441
80815
95919
95918
95915
95914
95917
95916
39250
39251
95913
95912
12631
54062
88205
06463
06462
06464
06466
76922
76921
82314
46926
76925
76924
65102
51731
51222
51224
45895
33762
94823
90978
09348
06262
06261
60390
90970
90971
90972
90973
57448
24456
60399
60398
57764
57762
12745
12743
12742
82262
10920
62256
90744
93871
99333
93873
98228
69139
57018
57016
99338
21785
57015
69130
69131
57010
57011
17691
17699
45810
62253
82789
42701
42702
57496
57497
36247
57498
57499
11726
11723
57164
80246
11728
18625
54468
70194
54467
96808
33996
54462
54460
21369
21499
99245
21366
54862
09560
54860
33106
33107
54864
54865
90759
54868
54869
42899
45696
42890
57387
57384
57385
57382
45695
57381
62736
70448
70449
18491
54602
70443
70440
09702
54606
54607
54604
54605
57940
57942
45808
57947
45806
57949
45805
48520
48521
21765
69167
08766
08767
36664
21762
08769
54268
18819
57514
80335
54260
54262
54264
54265
54736
54732
57510
08540
03730
54285
54282
24302
15750
15754
45938
45939
99461
27402
45937
45934
57833
03601
02600
30102
45851
80994
03132
47894
57880
47899
76441
76442
76443
90746
45852
24491
48576
14822
62358
45992
82495
06720
45993
33466
80997
88432
47762
14774
18100
82121
82122
82123
24392
27051
33894
51331
67495
19750
79266
91803
91802
91801
31302
91804
90742
95830
73501
57690
76841
76842
76843
57992
57990
19051
51434
51344
51346
45977
17610
21590
95908
95909
95906
39220
95904
95905
95902
95903
95900
95901
02740
73433
73348
18418
82780
17615
12623
12629
80711
82303
82304
51231
51232
19451
51720
08734
98038
57819
60387
73230
57711
57710
57713
57712
57715
57714
57717
57716
57719
12757
12750
82278
10935
10930
82272
82273
16995
16997
16990
93888
57023
57022
57021
57020
69144
11920
57276
60160
88260
80254
80257
80251
27775
54822
57926
11925
11712
82101
57718
57625
57624
11719
57626
57153
57620
57623
57150
05671
54458
57441
24782
96839
54768
48354
48356
48351
48350
48601
54454
21372
09741
99252
99250
99251
94050
54858
54854
54852
70509
70508
70507
70506
70505
70504
70051
70502
70501
10830
18482
54762
05499
62726
09710
09716
09714
24051
48519
46832
46833
48513
48512
48511
48510
45836
48515
48514
08711
08710
08713
08714
36695
36692
36051
54922
02760
85795
54926
57862
15744
15745
15746
33776
54707
54705
54704
54708
15749
45905
33795
33794
32402
45909
45908
05818
57845
57847
57846
70476
18240
70474
70471
69140
36402
05838
08621
69143
76439
03412
03410
76434
47882
24201
24200
24202
12995
57908
67390
62051
14727
30202
33499
76727
76051
76050
70650
15418
36208
15414
15415
15417
15410
33132
15413
96827
79279
79272
79275
88355
91814
70494
06663
70497
06665
08840
15251
51404
70493
95931
95930
24425
73403
73402
51391
90915
19739
51396
73404
51399
73408
32212
88771
54164
88775
12616
80150
12610
51242
51712
51246
54160
51718
95807
21803
39120
95808
48792
19883
19550
19885
16613
73240
60370
16615
16614
57702
14707
57700
57701
57706
57707
57705
57621
57708
57709
36752
16299
82201
82202
51882
24341
21484
69159
21901
21900
57520
14700
98246
98247
93890
69155
65412
17678
60110
17672
80220
14708
24778
96838
54452
57140
57141
57142
15651
11700
57145
57630
57631
57456
33100
54450
46932
21341
66329
57449
96822
53713
53712
57863
36198
54849
60590
36464
33120
54842
54844
54846
54847
80683
21270
57030
57031
80135
80136
45824
45825
45826
45827
45820
45822
18474
45698
17706
17705
46903
62447
62446
36996
36997
36995
54934
54936
18875
08707
54932
18879
08708
21356
05392
54446
05391
46904
54442
42101
54448
54718
48766
48769
18615
54712
45911
79051
33788
51912
33780
09812
57858
76339
96836
57857
57855
33652
09726
33302
09724
03620
33658
18902
03402
18721
88605
18051
47997
03409
76420
76427
30302
03390
03391
54158
15649
15648
17806
54152
15640
62261
62263
03713
57436
88320
06700
06702
06704
57438
15462
54456
79242
70503
79249
03762
36595
85781
95924
95925
95926
95927
95920
95921
95922
39200
45751
95928
95929
47747
88905
47745
47744
88901
47740
85729
51388
06900
19726
79203
19724
19722
32200
32201
12604
88762
69165
51704
51257
11390
57128
95812
82474
98012
45833
12776
12773
73252
73253
42444
45831
27367
45830
57737
06051
57731
51899
82212
45834
17638
82214
82215
57285
17639
57283
96781
16467
21122
51876
16264
60109
36217
21120
51878
60298
85314
90805
47901
90831
90830
90833
90832
57609
57608
82502
85310
57603
57600
57607
96783
57604
90775
21355
53708
46929
57468
05650
60741
57191
57190
57197
57194
80321
90789
42624
85211
48215
45697
79800
79803
47722
57517
57516
57515
10601
57513
57512
57511
10605
80695
80691
57519
57518
62298
54892
54890
45854
54894
48579
16865
54898
57999
62459
62456
62457
53630
62455
62452
62453
62450
57994
70381
93711
70385
54944
54948
18869
08730
80348
54432
54438
15891
48795
18603
48797
18601
54764
48793
54766
05837
05836
05834
05833
48408
80900
09803
05839
09801
98127
79104
99452
70499
09735
54388
70495
54386
54385
70496
36149
36148
54381
70492
76386
03700
18732
18733
18731
15090
76389
18739
54365
14706
14705
54214
54360
54362
15652
54368
14709
03362
94846
94847
94840
94842
94843
09932
94848
94849
76709
76708
76701
76707
76706
76705
54240
47996
15385
15386
15381
53603
47991
47998
08998
98237
08997
08996
54166
98236
79255
85881
76143
76414
98239
76419
06600
06607
11930
88371
03210
76890
85131
39210
15075
36315
27756
27750
57271
60414
79492
79490
79491
